0.000000				
0.063953	 89.969933	 89.852303	 90.144455	 90.414764
0.131673	 89.984550	 89.880035	 90.131798	 90.414764
0.199936	 89.984550	 89.892433	 90.131798	 90.405426
0.263981	 89.984550	 89.892433	 90.117363	 90.405426
0.332230	 89.969933	 89.892433	 90.131798	 90.386230
0.399673	 89.969933	 89.870102	 90.117363	 90.394234
0.464008	 89.984550	 89.892433	 90.131798	 90.384628
0.531924	 89.984550	 89.857803	 90.144455	 90.405426
0.599982	 89.984550	 89.857803	 90.117363	 90.427437
0.663780	 89.969933	 89.880035	 90.117363	 90.384628
0.731958	 89.969933	 89.892433	 90.131798	 90.384628
0.799974	 89.984550	 89.874962	 90.131798	 90.399467
0.864159	 89.969933	 89.892433	 90.117363	 90.395523
0.931695	 89.945320	 89.892433	 90.117363	 90.384628
0.996018	 89.969933	 89.880035	 90.144455	 90.427437
1.063950	 89.969933	 89.880035	 90.117363	 90.405426
1.132042	 89.969933	 89.880035	 90.117363	 90.386230
1.195801	 89.969933	 89.880035	 90.117363	 90.405426
1.264010	 89.969933	 89.892433	 90.117363	 90.399467
1.332232	 89.969933	 89.857803	 90.131798	 90.384628
1.396148	 89.969933	 89.880035	 90.117363	 90.405426
1.463822	 89.969933	 89.892433	 90.117363	 90.405426
1.531900	 89.984550	 89.880035	 90.144455	 90.405426
1.596032	 89.969933	 89.880035	 90.131798	 90.405426
1.663934	 89.945320	 89.880035	 90.117363	 90.405426
1.731792	 89.969933	 89.880035	 90.117363	 90.405426
1.796007	 89.942543	 89.880035	 90.117363	 90.405426
1.864065	 89.950066	 89.880035	 90.131798	 90.405426
1.931897	 89.969933	 89.857803	 90.131798	 90.394234
1.995822	 89.942543	 89.892433	 90.117363	 90.418396
2.063985	 89.969933	 89.880035	 90.131798	 90.384628
2.131905	 89.969933	 89.880035	 90.117363	 90.405426
2.196048	 89.969933	 89.880035	 90.131798	 90.384628
2.263841	 89.969933	 89.880035	 90.131798	 90.405426
2.331852	 89.950066	 89.880035	 90.131798	 90.418396
2.395985	 89.942543	 89.880035	 90.131798	 90.384628
2.463978	 89.969933	 89.880035	 90.129822	 90.414764
2.531805	 89.942543	 89.892433	 90.117363	 90.418396
2.596017	 89.969933	 89.861267	 90.117363	 90.384628
2.663930	 89.969933	 89.892433	 90.117363	 90.384628
2.731974	 89.922379	 89.857803	 90.131798	 90.384628
2.795850	 89.922379	 89.861267	 90.117363	 90.365410
2.864156	 89.969933	 89.838966	 90.129822	 90.418396
2.931871	 89.942543	 89.838966	 90.144455	 90.384628
2.996010	 89.942543	 89.879692	 90.117363	 90.384628
3.063852	 89.942543	 89.879692	 90.117363	 90.413574
3.132030	 89.942543	 89.880035	 90.117363	 90.384628
3.196028	 89.950066	 89.880035	 90.117363	 90.405426
3.264049	 89.942543	 89.880035	 90.117363	 90.384628
3.331972	 89.942543	 89.880035	 90.117363	 90.384628
3.396150	 89.969933	 89.879692	 90.129822	 90.418396
3.463969	 89.942543	 89.879692	 90.117363	 90.405426
3.531925	 89.969933	 89.861267	 90.131798	 90.384628
3.595848	 89.942543	 89.880035	 90.129822	 90.384628
3.663978	 89.922379	 89.880035	 90.144455	 90.397888
3.731938	 89.942543	 89.880035	 90.131798	 90.405426
3.796022	 89.969933	 89.880035	 90.129822	 90.405426
3.863822	 89.984550	 89.880035	 90.131798	 90.405426
3.931888	 89.942543	 89.880035	 90.129822	 90.418396
3.995956	 89.922379	 89.880035	 90.117363	 90.384628
4.063936	 89.942543	 89.879692	 90.129822	 90.384628
4.131721	 89.969933	 89.880035	 90.117363	 90.405426
4.196082	 89.942543	 89.880035	 90.129822	 90.384628
4.263956	 89.942543	 89.867409	 90.117363	 90.397888
4.332188	 89.898102	 89.880035	 90.117363	 90.397888
4.395940	 89.942543	 89.880035	 90.117363	 90.384628
4.463958	 89.950066	 89.847893	 90.129822	 90.397888
4.531904	 89.942543	 89.860718	 90.129822	 90.405426
4.596024	 89.937393	 89.847504	 90.129822	 90.397888
4.663739	 89.937393	 89.847504	 90.117363	 90.389969
4.728010	 89.937393	 89.860626	 90.129822	 90.360359
4.796006	 89.937393	 89.847504	 90.117363	 90.397888
4.864103	 89.922379	 89.847504	 90.117363	 90.405426
4.927762	 89.922379	 89.847504	 90.127159	 90.418396
4.996031	 89.935913	 89.834618	 90.129822	 90.399689
5.064084	 89.945175	 89.834053	 90.133179	 90.384277
5.127950	 89.945175	 89.834618	 90.128990	 90.384277
5.195842	 89.970284	 89.834053	 90.148598	 90.408730
5.263993	 89.935913	 89.860863	 90.127296	 90.404839
5.328295	 89.970284	 89.834053	 90.128830	 90.401558
5.396032	 89.961906	 89.834618	 90.173164	 90.416115
5.463799	 89.970284	 89.834053	 90.173294	 90.411797
5.527949	 89.935913	 89.834618	 90.181778	 90.396904
5.595958	 89.935913	 89.834618	 90.109612	 90.384277
5.663981	 89.922379	 89.847504	 90.117363	 90.384628
5.727809	 89.972015	 89.834442	 90.129822	 90.397888
5.795980	 89.937393	 89.847504	 90.117363	 90.399689
5.863964	 89.945175	 89.834618	 90.152908	 90.391731
5.927932	 89.961906	 89.834618	 90.158600	 90.396904
5.995798	 89.937393	 89.847504	 90.129822	 90.404839
6.063992	 89.937393	 89.860626	 90.117363	 90.399689
6.127927	 89.922379	 89.847527	 90.129822	 90.373360
6.196030	 89.964836	 89.847504	 90.117363	 90.405426
6.263815	 89.922379	 89.867142	 90.117363	 90.389969
6.328350	 89.922379	 89.847504	 90.117363	 90.378716
6.395985	 89.922379	 89.860832	 90.129822	 90.360359
6.463949	 89.922379	 89.847504	 90.117363	 90.418396
6.530101	 89.922379	 89.847527	 90.129822	 90.378716
6.595917	 89.922379	 89.847527	 90.129822	 90.397888
6.663892	 89.922379	 89.860832	 90.117363	 90.384628
6.727920	 89.950066	 89.847504	 90.131798	 90.418396
6.795768	 89.937393	 89.847504	 90.129822	 90.389969
6.864034	 89.937393	 89.860626	 90.129822	 90.389969
6.927899	 89.922379	 89.847527	 90.117363	 90.397888
6.996010	 89.922379	 89.847504	 90.129822	 90.384628
7.063766	 89.922379	 89.860832	 90.129822	 90.418396
7.128021	 89.922379	 89.879692	 90.117363	 90.397888
7.195979	 89.937393	 89.860832	 90.129822	 90.397888
7.264013	 89.922379	 89.861160	 90.117363	 90.384628
7.328050	 89.922379	 89.860832	 90.129822	 90.397888
7.396047	 89.937393	 89.860718	 90.129822	 90.418396
7.463930	 89.913300	 89.860832	 90.129822	 90.397888
7.527937	 89.937393	 89.860718	 90.129822	 90.397888
7.595802	 89.922379	 89.860832	 90.129822	 90.397888
7.663967	 89.937393	 89.847527	 90.117363	 90.397888
7.727999	 89.937393	 89.847504	 90.117363	 90.397888
7.795843	 89.922379	 89.847504	 90.117363	 90.397888
7.863560	 89.937393	 89.860832	 90.117363	 90.397888
7.927902	 89.937393	 89.860832	 90.129822	 90.397888
7.995963	 89.922379	 89.860718	 90.129822	 90.418396
8.063997	 89.922379	 89.860718	 90.117363	 90.418396
8.127771	 89.937393	 89.847504	 90.117363	 90.397888
8.195990	 89.937393	 89.860718	 90.117363	 90.397888
8.259960	 89.945854	 89.860832	 90.129822	 90.397888
8.328226	 89.937393	 89.860718	 90.129822	 90.397888
8.395845	 89.922379	 89.860832	 90.129822	 90.418396
8.459997	 89.913300	 89.847504	 90.117363	 90.397888
8.527944	 89.937393	 89.847504	 90.117363	 90.397888
8.595999	 89.937393	 89.847504	 90.117363	 90.397888
8.659724	 89.937393	 89.860718	 90.144455	 90.389969
8.727864	 89.962166	 89.847504	 90.117363	 90.389969
8.795948	 89.937393	 89.847504	 90.129822	 90.397888
8.860130	 89.962166	 89.860718	 90.129822	 90.389969
8.927750	 89.913300	 89.847504	 90.129822	 90.397888
8.995941	 89.937393	 89.847504	 90.129822	 90.416183
9.059974	 89.962166	 89.860718	 90.129822	 90.418396
9.128098	 89.945854	 89.847504	 90.129822	 90.389969
9.195822	 89.937393	 89.847504	 90.109612	 90.399689
9.259990	 89.962166	 89.874245	 90.129822	 90.416183
9.328145	 89.937393	 89.847504	 90.129822	 90.399689
9.396119	 89.972015	 89.847504	 90.129822	 90.424179
9.459811	 89.962166	 89.847504	 90.129822	 90.397888
9.527938	 89.937393	 89.847504	 90.129822	 90.389969
9.595950	 89.962166	 89.860626	 90.129822	 90.389969
9.659943	 89.937393	 89.847504	 90.117363	 90.399689
9.727791	 89.972015	 89.847504	 90.129822	 90.391731
9.795939	 89.962166	 89.847504	 90.129822	 90.365479
9.859920	 89.962166	 89.860626	 90.129822	 90.378578
9.927915	 89.962166	 89.860626	 90.129822	 90.403046
9.995749	 89.937393	 89.860626	 90.097107	 90.403046
10.060144	 89.972015	 89.847504	 90.129822	 90.444695
10.127909	 89.962166	 89.847504	 90.129822	 90.373360
10.196017	 89.962166	 89.874245	 90.117363	 90.403046
10.259813	 89.962166	 89.860626	 90.129822	 90.424179
10.328234	 89.962166	 89.860626	 90.129822	 90.416183
10.396042	 89.962166	 89.860626	 90.129822	 90.395149
10.459980	 89.962166	 89.860626	 90.129822	 90.424179
10.527789	 89.972015	 89.860626	 90.109612	 90.416183
10.595955	 89.962166	 89.860626	 90.109612	 90.397888
10.659914	 89.935913	 89.834442	 90.129822	 90.424179
10.727902	 89.961906	 89.860626	 90.129822	 90.391731
10.795775	 89.913300	 89.860626	 90.109612	 90.376961
10.860134	 89.972015	 89.860626	 90.129822	 90.391731
10.927867	 89.962166	 89.860626	 90.152519	 90.399689
10.995962	 89.988113	 89.860626	 90.152519	 90.370720
11.059796	 89.945854	 89.860626	 90.129822	 90.399689
11.127875	 89.962166	 89.860626	 90.109612	 90.433502
11.196001	 89.962166	 89.860626	 90.129822	 90.424171
11.260005	 89.972382	 89.860626	 90.139732	 90.399689
11.328056	 89.920731	 89.860626	 90.129822	 90.399689
11.396011	 89.970284	 89.860626	 90.139519	 90.391731
11.459951	 89.962166	 89.860626	 90.129822	 90.429268
11.527923	 89.945175	 89.834442	 90.117363	 90.399689
11.595792	 89.962166	 89.860626	 90.129822	 90.391731
11.659879	 89.935913	 89.834618	 90.132439	 90.391731
11.727951	 89.945175	 89.834442	 90.129822	 90.396904
11.795978	 89.935913	 89.860626	 90.109612	 90.391731
11.859842	 89.972015	 89.860626	 90.129822	 90.395149
11.928007	 89.962166	 89.874382	 90.129822	 90.396904
11.991937	 89.962166	 89.834618	 90.129822	 90.396904
12.060275	 89.945175	 89.834442	 90.129822	 90.389969
12.127581	 89.972015	 89.834442	 90.129822	 90.391731
12.191935	 89.938057	 89.860626	 90.129822	 90.391731
12.259960	 89.945175	 89.860626	 90.129822	 90.391731
12.328130	 89.962166	 89.860626	 90.129822	 90.416183
12.392011	 89.997078	 89.847702	 90.109612	 90.391731
12.459946	 89.935913	 89.821228	 90.109612	 90.391533
12.527826	 89.972015	 89.860626	 90.109612	 90.424179
12.592007	 89.935913	 89.834442	 90.158600	 90.380363
12.659674	 89.938057	 89.834442	 90.129822	 90.391731
12.728326	 89.945175	 89.834442	 90.129822	 90.396904
12.792277	 89.962166	 89.860626	 90.129822	 90.391731
12.860039	 89.988113	 89.860863	 90.109612	 90.391731
12.927694	 89.945175	 89.860626	 90.151878	 90.396904
12.991888	 89.962166	 89.860863	 90.151878	 90.391731
13.060094	 89.945175	 89.860863	 90.129822	 90.396904
13.127934	 89.970284	 89.860626	 90.152519	 90.396904
13.191757	 89.945175	 89.834442	 90.152519	 90.391731
13.259967	 89.961906	 89.834442	 90.152519	 90.404839
13.328134	 89.935913	 89.860626	 90.129822	 90.384277
13.392232	 89.970284	 89.860863	 90.152519	 90.391731
13.459734	 89.920731	 89.834618	 90.129822	 90.421295
13.527914	 89.945175	 89.834618	 90.129822	 90.404839
13.592082	 89.972015	 89.834442	 90.176994	 90.414124
13.659917	 89.912033	 89.834618	 90.129822	 90.391731
13.727754	 89.962166	 89.860863	 90.117363	 90.391731
13.791966	 89.997078	 89.834442	 90.103241	 90.399689
13.860051	 89.970284	 89.834442	 90.154243	 90.396904
13.927907	 89.961906	 89.834618	 90.109612	 90.399689
13.991822	 89.961906	 89.834442	 90.152519	 90.396904
14.059964	 89.962166	 89.834618	 90.152519	 90.391731
14.127916	 89.945175	 89.834618	 90.124054	 90.396904
14.192009	 89.970284	 89.860863	 90.149467	 90.391731
14.259769	 89.961906	 89.834442	 90.111671	 90.396904
14.328209	 89.945175	 89.834442	 90.129822	 90.416115
14.392185	 89.935913	 89.834618	 90.129822	 90.379150
14.459966	 89.945175	 89.834618	 90.111671	 90.403648
14.527733	 89.970284	 89.834618	 90.129822	 90.403648
14.591963	 89.945831	 89.860863	 90.145912	 90.404839
14.659858	 89.938019	 89.860626	 90.154243	 90.384277
14.727908	 89.945175	 89.860863	 90.132439	 90.384277
14.791747	 89.970284	 89.834442	 90.146194	 90.396904
14.859980	 89.945175	 89.834618	 90.145912	 90.438477
14.927912	 89.945175	 89.834618	 90.126160	 90.421242
14.991945	 89.970284	 89.834618	 90.170700	 90.391731
15.059768	 89.945175	 89.834618	 90.152344	 90.403648
15.128005	 89.945175	 89.834618	 90.163589	 90.404839
15.191926	 89.945175	 89.834618	 90.149467	 90.396904
15.259965	 89.970284	 89.834618	 90.105240	 90.396904
15.328070	 89.938019	 89.834618	 90.201637	 90.384277
15.392224	 89.945175	 89.834618	 90.105240	 90.354294
15.459913	 89.970284	 89.834618	 90.191345	 90.396904
15.523942	 89.938019	 89.834618	 90.156990	 90.421242
15.591796	 89.945831	 89.834618	 90.151009	 90.396904
15.659942	 89.920731	 89.834618	 90.106499	 90.396904
15.723922	 89.970284	 89.834618	 90.146332	 90.384277
15.791969	 89.970284	 89.834618	 90.176582	 90.366982
15.859805	 89.970284	 89.834618	 90.173294	 90.396904
15.923879	 89.970284	 89.834618	 90.152428	 90.421242
15.991905	 89.970284	 89.834618	 90.126396	 90.396904
16.059861	 89.970284	 89.834618	 90.127960	 90.416115
16.123749	 89.945175	 89.834618	 90.152809	 90.408730
16.191947	 89.920731	 89.834618	 90.170700	 90.396904
16.259890	 89.970284	 89.834053	 90.165527	 90.396904
16.323978	 89.970284	 89.834618	 90.181778	 90.421242
16.391993	 89.945831	 89.834618	 90.128708	 90.396904
16.459864	 89.970284	 89.834053	 90.128708	 90.396904
16.523909	 89.945831	 89.834618	 90.192581	 90.401665
16.591876	 89.945831	 89.834618	 90.168785	 90.408730
16.659709	 89.945175	 89.834053	 90.149673	 90.396797
16.723812	 89.970284	 89.834618	 90.152428	 90.404839
16.791916	 89.970284	 89.834618	 90.157967	 90.421242
16.860029	 89.961906	 89.834618	 90.151009	 90.425682
16.923658	 89.970284	 89.834618	 90.193367	 90.421242
16.991985	 89.970284	 89.834053	 90.191345	 90.396904
17.059711	 89.970284	 89.834053	 90.152428	 90.396904
17.123948	 89.970284	 89.834053	 90.152428	 90.396904
17.191736	 89.970284	 89.834053	 90.171745	 90.401558
17.259910	 89.970284	 89.834618	 90.171814	 90.433052
17.323994	 89.945831	 89.834053	 90.126556	 90.438133
17.392212	 89.970284	 89.834053	 90.171814	 90.403648
17.459766	 89.970284	 89.834618	 90.171745	 90.384277
17.523896	 89.970284	 89.834053	 90.203171	 90.389420
17.591924	 89.970284	 89.834053	 90.148598	 90.384277
17.659858	 89.970284	 89.834053	 90.147400	 90.396904
17.723729	 89.945831	 89.834618	 90.149956	 90.391731
17.791941	 89.970284	 89.834053	 90.148598	 90.391731
17.859930	 89.970284	 89.834053	 90.200134	 90.396797
17.923900	 89.970284	 89.834618	 90.170364	 90.379021
17.991763	 89.945831	 89.834618	 90.171745	 90.408730
18.059904	 89.970284	 89.834053	 90.198631	 90.396904
18.123768	 89.970284	 89.834053	 90.191345	 90.396904
18.191943	 89.970284	 89.834053	 90.178001	 90.421242
18.259772	 89.970284	 89.834053	 90.165916	 90.401077
18.323931	 89.970284	 89.834053	 90.155350	 90.389420
18.392073	 89.970284	 89.834053	 90.114662	 90.425682
18.459949	 89.970284	 89.834053	 90.171745	 90.384277
18.523966	 89.970284	 89.834053	 90.179276	 90.408730
18.591823	 89.945831	 89.834053	 90.171707	 90.408730
18.659973	 89.961906	 89.834053	 90.173058	 90.421242
18.723877	 89.945831	 89.834618	 90.198631	 90.408730
18.791741	 89.970284	 89.834053	 90.198769	 90.384277
18.859923	 89.935913	 89.834618	 90.171745	 90.396904
18.923841	 89.970284	 89.834618	 90.165230	 90.425682
18.991935	 89.970284	 89.834053	 90.171745	 90.408730
19.059684	 89.970284	 89.834053	 90.126396	 90.408730
19.123887	 89.945175	 89.834053	 90.171814	 90.425682
19.191859	 89.970284	 89.834618	 90.147400	 90.401558
19.255995	 89.970284	 89.856140	 90.200134	 90.421242
19.323785	 89.970284	 89.834618	 90.171745	 90.408730
19.392145	 89.945175	 89.834618	 90.148781	 90.408730
19.455937	 89.970284	 89.834053	 90.215622	 90.408730
19.523935	 89.970284	 89.834618	 90.147400	 90.408730
19.591758	 89.970284	 89.834053	 90.170364	 90.396904
19.655932	 89.970284	 89.834053	 90.149765	 90.396904
19.723895	 89.970284	 89.834618	 90.169411	 90.408730
19.791929	 89.970284	 89.834053	 90.177460	 90.396904
19.855614	 89.970284	 89.834618	 90.170692	 90.396797
19.923851	 89.970284	 89.834053	 90.171890	 90.359505
19.991939	 89.970284	 89.834618	 90.171890	 90.421242
20.055991	 89.961906	 89.834618	 90.125084	 90.391731
20.123724	 89.970284	 89.834053	 90.198418	 90.396904
20.191943	 89.970284	 89.834053	 90.171745	 90.414124
20.255961	 89.970284	 89.834053	 90.149765	 90.421242
20.323925	 89.970284	 89.834053	 90.200043	 90.371590
20.391954	 89.970284	 89.834618	 90.170166	 90.408730
20.455959	 89.945175	 89.834053	 90.192581	 90.408730
20.523882	 89.970284	 89.834053	 90.147400	 90.384277
20.591938	 89.970284	 89.834053	 90.176971	 90.421242
20.655743	 89.945831	 89.834053	 90.127960	 90.384277
20.723842	 89.970284	 89.834053	 90.192581	 90.438477
20.791915	 89.970284	 89.834053	 90.220955	 90.384171
20.855774	 89.970284	 89.834618	 90.197495	 90.401985
20.923676	 89.938019	 89.834053	 90.198631	 90.359505
20.991912	 89.970284	 89.834618	 90.191345	 90.384277
21.055942	 89.970284	 89.834053	 90.186920	 90.384277
21.123898	 89.945831	 89.834053	 90.170364	 90.421242
21.191724	 89.945175	 89.834618	 90.196640	 90.396904
21.255979	 89.970284	 89.834618	 90.154594	 90.414124
21.323931	 89.970284	 89.834053	 90.170364	 90.408730
21.392140	 89.970284	 89.834618	 90.148598	 90.421242
21.455806	 89.970284	 89.834618	 90.170364	 90.396797
21.523882	 89.970284	 89.834618	 90.180733	 90.408730
21.591876	 89.970284	 89.834053	 90.149765	 90.408730
21.655930	 89.945831	 89.834053	 90.198990	 90.372238
21.723754	 89.970284	 89.834053	 90.152428	 90.421242
21.791922	 89.970284	 89.834053	 90.217033	 90.421242
21.855783	 89.970284	 89.834053	 90.151093	 90.408730
21.923929	 89.970284	 89.834618	 90.148781	 90.413605
21.991740	 89.945831	 89.834618	 90.169243	 90.403648
22.055942	 89.970284	 89.834053	 90.147400	 90.408730
22.123878	 89.970284	 89.834053	 90.149605	 90.414497
22.191892	 89.970284	 89.834053	 90.220894	 90.421242
22.255801	 89.945831	 89.834053	 90.179276	 90.421242
22.323942	 89.970284	 89.834618	 90.198631	 90.376747
22.392138	 89.970284	 89.834053	 90.187035	 90.421242
22.455962	 89.970284	 89.834053	 90.198631	 90.421242
22.523717	 89.970284	 89.834053	 90.173164	 90.401985
22.591907	 89.970284	 89.834053	 90.219833	 90.376747
22.655899	 89.970284	 89.834053	 90.158798	 90.423935
22.723875	 89.970284	 89.834053	 90.221107	 90.401558
22.787813	 89.970284	 89.834053	 90.147400	 90.421242
22.855792	 89.970284	 89.834053	 90.149673	 90.438133
22.923715	 89.970284	 89.834053	 90.171814	 90.396797
22.988052	 89.970284	 89.834053	 90.179276	 90.408730
23.055786	 89.970284	 89.834053	 90.197495	 90.365158
23.123824	 89.970284	 89.834053	 90.170364	 90.407051
23.187934	 89.970284	 89.834053	 90.178001	 90.438133
23.255938	 89.970284	 89.834053	 90.198990	 90.455368
23.323739	 89.970284	 89.834053	 90.200134	 90.425682
23.387858	 89.970284	 89.834618	 90.178001	 90.396904
23.455959	 89.970284	 89.834053	 90.185921	 90.421242
23.523889	 89.970284	 89.834053	 90.173080	 90.370285
23.587818	 89.970284	 89.834053	 90.222649	 90.408730
23.655908	 89.970284	 89.834053	 90.171814	 90.425682
23.723904	 89.970284	 89.856140	 90.151093	 90.399315
23.787986	 89.970284	 89.834053	 90.175629	 90.425682
23.855655	 89.970284	 89.856140	 90.177002	 90.413635
23.923791	 89.970284	 89.834053	 90.174667	 90.384171
23.987974	 89.970284	 89.834053	 90.229340	 90.401077
24.055951	 89.970284	 89.834053	 90.152428	 90.396904
24.123686	 89.970284	 89.834053	 90.185562	 90.421242
24.187967	 89.970284	 89.834053	 90.169243	 90.425682
24.255934	 89.970284	 89.834053	 90.197495	 90.408730
24.323923	 89.970284	 89.834053	 90.169243	 90.438133
24.387708	 89.970284	 89.834053	 90.170364	 90.408730
24.455909	 89.970284	 89.834053	 90.200134	 90.384171
24.523864	 89.970284	 89.834053	 90.171814	 90.401077
24.588032	 89.970284	 89.834053	 90.170364	 90.401558
24.655744	 89.970284	 89.856140	 90.171814	 90.425980
24.723847	 89.970284	 89.834053	 90.198990	 90.408730
24.787932	 89.970284	 89.834053	 90.198990	 90.425682
24.855780	 89.970284	 89.834053	 90.181961	 90.425682
24.923631	 89.970284	 89.834053	 90.170364	 90.401077
24.987950	 89.970284	 89.856140	 90.185921	 90.401077
25.055947	 89.997398	 89.856140	 90.170364	 90.408730
25.123838	 89.945831	 89.834053	 90.170692	 90.408730
25.187741	 89.970284	 89.856140	 90.171913	 90.384171
25.255942	 89.970284	 89.834053	 90.171814	 90.420654
25.323886	 89.970284	 89.834053	 90.169243	 90.425682
25.387876	 89.970284	 89.834053	 90.169785	 90.399315
25.455758	 89.967918	 89.834862	 90.169930	 90.401077
25.524109	 89.970284	 89.834053	 90.200134	 90.384171
25.587932	 89.997398	 89.834053	 90.200134	 90.384171
25.655881	 89.992607	 89.834053	 90.199837	 90.384171
25.723729	 89.970284	 89.856140	 90.222954	 90.401077
25.787961	 89.970284	 89.856140	 90.200966	 90.377243
25.855791	 89.997398	 89.856995	 90.179642	 90.384171
25.923827	 89.970284	 89.856140	 90.210175	 90.387070
25.987803	 89.997398	 89.834053	 90.157028	 90.406731
26.055937	 89.992607	 89.856995	 90.195518	 90.384171
26.123845	 89.970284	 89.856140	 90.165230	 90.401077
26.187962	 89.995049	 89.856140	 90.208946	 90.394165
26.255772	 89.967918	 89.856995	 90.233681	 90.418419
26.320657	 90.019920	 89.834862	 90.200455	 90.394165
26.387853	 89.992607	 89.856140	 90.186737	 90.369934
26.455950	 90.019920	 89.856995	 90.201477	 90.394165
26.519879	 89.995049	 89.856995	 90.166588	 90.387070
26.588023	 89.967918	 89.856995	 90.178864	 90.394165
26.655890	 89.992607	 89.834862	 90.171974	 90.411797
26.719839	 89.992607	 89.856995	 90.160751	 90.401077
26.787740	 89.995049	 89.877785	 90.213455	 90.387070
26.855776	 90.019920	 89.870834	 90.202621	 90.387070
26.919816	 89.995049	 89.870834	 90.178764	 90.387070
26.987943	 90.019920	 89.856995	 90.186928	 90.401077
27.055732	 89.992607	 89.856995	 90.178764	 90.387070
27.119862	 89.992607	 89.870834	 90.213188	 90.387070
27.187931	 90.019920	 89.877785	 90.186737	 90.387070
27.255935	 90.019920	 89.877785	 90.166641	 90.380165
27.320511	 90.019920	 89.870834	 90.198982	 90.380165
27.387848	 90.047844	 89.876610	 90.201515	 90.404449
27.455908	 89.995049	 89.856995	 90.201515	 90.387070
27.519982	 89.995049	 89.856995	 90.166641	 90.397484
27.587761	 89.982353	 89.891052	 90.224190	 90.380165
27.655882	 90.019920	 89.892387	 90.188370	 90.397484
27.719868	 90.047844	 89.876610	 90.211296	 90.380165
27.787977	 90.047844	 89.891052	 90.224190	 90.380165
27.855652	 90.019920	 89.870834	 90.192368	 90.380165
27.919779	 89.995049	 89.892387	 90.201515	 90.380165
27.987963	 90.047844	 89.891052	 90.211296	 90.397484
28.055928	 90.022606	 89.892387	 90.211296	 90.380165
28.119608	 90.037003	 89.891052	 90.202515	 90.384163
28.187970	 90.008179	 89.891052	 90.211296	 90.380165
28.255907	 90.022606	 89.891052	 90.213455	 90.380165
28.320748	 90.022606	 89.892387	 90.192833	 90.380165
28.387665	 90.047844	 89.892387	 90.201515	 90.401741
28.455905	 90.010208	 89.892387	 90.223587	 90.397484
28.519978	 90.010208	 89.891052	 90.212311	 90.397484
28.587948	 90.022606	 89.876610	 90.200455	 90.397484
28.655694	 90.008789	 89.891052	 90.211296	 90.401741
28.719890	 90.010208	 89.891052	 90.189415	 90.401741
28.787891	 90.010208	 89.892387	 90.211754	 90.380165
28.855769	 90.022606	 89.891052	 90.189842	 90.380165
28.919645	 90.038986	 89.891052	 90.225250	 90.380165
28.987946	 90.022606	 89.891052	 90.187126	 90.397484
29.055926	 89.995956	 89.891052	 90.211754	 90.416092
29.119836	 90.051369	 89.891052	 90.212311	 90.416092
29.187709	 90.022606	 89.891052	 90.180435	 90.380165
29.255932	 90.022606	 89.891052	 90.189842	 90.397484
29.320634	 90.010208	 89.891052	 90.188095	 90.401741
29.387891	 90.024529	 89.891052	 90.209908	 90.380165
29.455712	 90.024529	 89.891052	 90.190392	 90.380165
29.519915	 90.051369	 89.891052	 90.181068	 90.397484
29.587912	 90.010208	 89.891052	 90.188866	 90.397484
29.655878	 89.995956	 89.891052	 90.189842	 90.380165
29.719662	 90.022606	 89.891052	 90.188095	 90.401741
29.787923	 89.995956	 89.891052	 90.225250	 90.380165
29.855762	 90.038986	 89.891052	 90.211754	 90.380165
29.919826	 90.010208	 89.891052	 90.190392	 90.384163
29.987710	 90.010208	 89.891052	 90.189842	 90.380165
30.051908	 90.022606	 89.891052	 90.172203	 90.416092
30.119859	 89.995956	 89.891052	 90.187576	 90.397484
30.187941	 90.010208	 89.891052	 90.209908	 90.401741
30.251706	 90.038986	 89.891052	 90.211754	 90.380165
30.320644	 90.024529	 89.891052	 90.188866	 90.384163
30.387841	 90.038986	 89.891052	 90.211754	 90.397484
30.451880	 90.008179	 89.891052	 90.223587	 90.384163
30.519736	 90.010208	 89.891052	 90.211754	 90.397484
30.588009	 90.051369	 89.891052	 90.222626	 90.397484
30.651844	 90.051369	 89.891052	 90.190392	 90.380165
30.719789	 90.038986	 89.891052	 90.235451	 90.397484
30.787715	 90.036758	 89.891052	 90.188095	 90.380165
30.851775	 90.010208	 89.891052	 90.189842	 90.380165
30.919769	 90.038986	 89.891052	 90.212311	 90.380165
30.987913	 90.010208	 89.891052	 90.203636	 90.401741
31.051729	 90.022507	 89.891052	 90.190392	 90.401741
31.119763	 90.010208	 89.891052	 90.211754	 90.397484
31.187869	 90.010208	 89.891052	 90.187576	 90.397484
31.251938	 90.010208	 89.891052	 90.189842	 90.397484
31.320479	 90.038986	 89.891052	 90.189842	 90.408684
31.387786	 90.010208	 89.891052	 90.173225	 90.404449
31.451862	 90.010208	 89.891052	 90.189415	 90.397484
31.519958	 90.010208	 89.891052	 90.189842	 90.397484
31.587739	 90.038986	 89.891052	 90.209908	 90.404449
31.651817	 90.008179	 89.891052	 90.212311	 90.380165
31.719729	 90.010208	 89.891052	 90.211754	 90.380165
31.787913	 90.051369	 89.891052	 90.181068	 90.380165
31.851505	 90.022606	 89.891052	 90.190392	 90.380165
31.919798	 90.038986	 89.891052	 90.149300	 90.380165
31.987882	 89.995956	 89.891052	 90.190392	 90.384163
32.051937	 90.022606	 89.891052	 90.212746	 90.397484
32.119549	 90.051369	 89.891052	 90.211754	 90.397484
32.187910	 90.024529	 89.891052	 90.189842	 90.380165
32.251841	 90.024529	 89.891052	 90.188866	 90.397484
32.320731	 90.038986	 89.891052	 90.212196	 90.380165
32.387636	 90.038986	 89.891052	 90.235481	 90.397484
32.451817	 90.010208	 89.891052	 90.189842	 90.416092
32.519872	 90.037003	 89.891052	 90.212311	 90.380165
32.587889	 90.024529	 89.891052	 90.181068	 90.380165
32.651679	 90.010208	 89.891052	 90.209373	 90.380165
32.719791	 90.010208	 89.891052	 90.189415	 90.404449
32.787876	 90.008179	 89.891052	 90.212311	 90.380165
32.851760	 90.008179	 89.891052	 90.211296	 90.397484
32.919593	 90.051369	 89.891052	 90.180435	 90.397484
32.987910	 90.038986	 89.891052	 90.211754	 90.387070
33.051890	 90.036758	 89.891052	 90.187576	 90.397484
33.119843	 90.009239	 89.891052	 90.201866	 90.380165
33.187668	 90.010208	 89.891052	 90.181068	 90.397484
33.251886	 89.995956	 89.891052	 90.212311	 90.397484
33.320672	 90.024529	 89.891052	 90.208870	 90.380165
33.387815	 89.995956	 89.891052	 90.202019	 90.380165
33.451714	 90.038986	 89.891052	 90.189842	 90.380165
33.519869	 90.024529	 89.891052	 90.211754	 90.380165
33.583827	 90.038986	 89.891052	 90.190392	 90.380165
33.651859	 89.995956	 89.891052	 90.173225	 90.397484
33.719692	 90.024529	 89.891052	 90.211754	 90.397484
33.783840	 90.038986	 89.891052	 90.189842	 90.380165
33.851815	 89.995956	 89.891052	 90.195953	 90.380165
33.919798	 90.024529	 89.891052	 90.180435	 90.380165
33.983674	 89.995956	 89.891052	 90.190392	 90.398773
34.051906	 90.036758	 89.891052	 90.190392	 90.398773
34.119737	 90.024529	 89.891052	 90.188866	 90.401741
34.183873	 90.038986	 89.891052	 90.189842	 90.380165
34.251745	 89.995956	 89.891052	 90.188095	 90.397484
34.320763	 90.024529	 89.891052	 90.211754	 90.380165
34.383754	 90.024529	 89.891052	 90.211754	 90.380165
34.451854	 90.024529	 89.891052	 90.213974	 90.397484
34.519695	 90.038986	 89.891052	 90.188866	 90.384163
34.583813	 90.038986	 89.891052	 90.211754	 90.384163
34.651795	 90.038986	 89.891052	 90.203041	 90.380165
34.719757	 90.024529	 89.891052	 90.173225	 90.397484
34.783674	 90.038986	 89.891052	 90.211754	 90.398773
34.851840	 89.995956	 89.891052	 90.190392	 90.397484
34.919737	 90.036758	 89.891052	 90.189842	 90.397484
34.983810	 90.038986	 89.891052	 90.189842	 90.416092
35.051731	 90.038986	 89.891052	 90.208908	 90.380165
35.119922	 90.038986	 89.891052	 90.213806	 90.397484
35.183785	 90.024529	 89.891052	 90.189842	 90.397484
35.251872	 90.022354	 89.891052	 90.190392	 90.380165
35.320437	 90.038986	 89.891052	 90.212311	 90.380165
35.383711	 90.038986	 89.891052	 90.212311	 90.380165
35.451805	 90.010208	 89.870247	 90.173225	 90.380165
35.519848	 90.038986	 89.891052	 90.173225	 90.380165
35.583648	 90.024529	 89.891052	 90.180435	 90.401741
35.651831	 90.037003	 89.891052	 90.212311	 90.397484
35.719864	 90.038986	 89.891052	 90.178078	 90.404449
35.783845	 90.024529	 89.891052	 90.180435	 90.380165
35.851612	 90.038986	 89.891052	 90.189842	 90.380165
35.919747	 90.024529	 89.891052	 90.177002	 90.380165
35.983806	 90.024529	 89.891052	 90.190392	 90.380165
36.051893	 90.052460	 89.891052	 90.189842	 90.397484
36.119609	 90.051369	 89.891052	 90.200821	 90.380165
36.183844	 90.038986	 89.891052	 90.190392	 90.380165
36.251887	 90.024529	 89.891052	 90.190392	 90.380165
36.320577	 89.995956	 89.891052	 90.190392	 90.397484
36.383535	 90.024323	 89.891052	 90.189842	 90.398773
36.451817	 90.009628	 89.891052	 90.189842	 90.391037
36.519879	 89.995956	 89.870247	 90.190392	 90.380165
36.583798	 89.995956	 89.891052	 90.190392	 90.380165
36.651652	 90.024529	 89.891052	 90.189842	 90.380165
36.719772	 90.024529	 89.891052	 90.203636	 90.380165
36.783873	 90.024323	 89.891052	 90.211754	 90.380165
36.851813	 90.024529	 89.891052	 90.211296	 90.380165
36.919546	 90.024529	 89.891052	 90.190392	 90.380165
36.983833	 90.024529	 89.891052	 90.209373	 90.380165
37.051823	 90.024529	 89.891052	 90.189842	 90.397484
37.119798	 90.037010	 89.891052	 90.203041	 90.416092
37.183628	 90.024529	 89.891052	 90.173225	 90.397484
37.251848	 90.024529	 89.891052	 90.189842	 90.398773
37.318013	 90.024529	 89.891052	 90.190392	 90.384163
37.383751	 90.038017	 89.891052	 90.189842	 90.380165
37.451613	 90.038986	 89.891052	 90.189842	 90.387070
37.515811	 90.023048	 89.891052	 90.212311	 90.384163
37.583770	 90.024529	 89.891052	 90.190392	 90.397484
37.651831	 90.024529	 89.869598	 90.189842	 90.405701
37.715647	 90.024529	 89.891052	 90.189842	 90.420288
37.783780	 90.024529	 89.891052	 90.211754	 90.420288
37.851818	 90.024529	 89.891052	 90.212334	 90.397484
37.915762	 90.024529	 89.891052	 90.188263	 90.397484
37.983637	 90.024529	 89.891052	 90.200821	 90.401741
38.051896	 90.023048	 89.891052	 90.189842	 90.380165
38.115743	 90.024529	 89.891052	 90.187576	 90.380165
38.183851	 90.021904	 89.891052	 90.187576	 90.397484
38.251687	 90.038017	 89.891052	 90.200821	 90.397484
38.316505	 90.047554	 89.891052	 90.201866	 90.384163
38.383728	 90.024529	 89.891052	 90.189842	 90.401741
38.451806	 89.995956	 89.891052	 90.189842	 90.416092
38.515628	 90.024323	 89.891052	 90.189842	 90.397484
38.583768	 89.995956	 89.891052	 90.189842	 90.380165
38.651775	 90.024529	 89.891052	 90.189842	 90.401741
38.715744	 90.038017	 89.891052	 90.189842	 90.380165
38.783655	 90.024529	 89.891052	 90.189842	 90.401741
38.851778	 89.995956	 89.891052	 90.180435	 90.397484
38.915697	 89.995956	 89.891052	 90.211754	 90.380165
38.983765	 90.024529	 89.891052	 90.189842	 90.397484
39.051703	 90.024529	 89.891052	 90.190392	 90.397484
39.115770	 89.995956	 89.891052	 90.189842	 90.397484
39.183755	 90.024529	 89.891052	 90.173225	 90.384163
39.251848	 90.024529	 89.891052	 90.180435	 90.397484
39.316120	 90.024529	 89.870247	 90.213974	 90.401741
39.383753	 90.024529	 89.891052	 90.200821	 90.401741
39.451721	 90.024529	 89.891052	 90.189842	 90.402718
39.515808	 90.024529	 89.891052	 90.213974	 90.384163
39.583798	 90.024529	 89.891052	 90.203636	 90.380165
39.651811	 90.024529	 89.891052	 90.180435	 90.401741
39.715798	 89.995956	 89.891052	 90.189842	 90.397484
39.783811	 90.038017	 89.891052	 90.201309	 90.397484
39.851541	 90.024529	 89.891052	 90.190392	 90.380165
39.915730	 90.021904	 89.891052	 90.213974	 90.397484
39.983778	 90.024529	 89.891052	 90.190125	 90.398773
40.051907	 90.024323	 89.891052	 90.211754	 90.380165
40.115540	 90.024323	 89.891052	 90.213974	 90.397087
40.183787	 90.024529	 89.891052	 90.189842	 90.402718
40.251860	 90.024529	 89.891052	 90.189842	 90.384163
40.316422	 90.024529	 89.891052	 90.189842	 90.401741
40.383548	 90.024529	 89.891052	 90.189842	 90.401741
40.451754	 90.024323	 89.891052	 90.189842	 90.420288
40.515809	 90.023048	 89.891052	 90.213974	 90.398773
40.583769	 90.024529	 89.891052	 90.189842	 90.391037
40.651649	 90.024529	 89.891052	 90.189842	 90.416092
40.715747	 90.038017	 89.891052	 90.189842	 90.398773
40.783768	 90.038017	 89.869598	 90.189842	 90.397484
40.847823	 90.024529	 89.892349	 90.189842	 90.398773
40.915556	 90.022255	 89.891052	 90.189842	 90.384163
40.983780	 90.024529	 89.891052	 90.211754	 90.416092
41.047847	 90.024529	 89.891052	 90.189842	 90.380165
41.115747	 90.018394	 89.891052	 90.189842	 90.397484
41.183635	 90.023048	 89.891052	 90.189842	 90.398773
41.247805	 90.036072	 89.891052	 90.165985	 90.384163
41.316390	 90.036072	 89.891052	 90.226295	 90.380165
41.383769	 90.037849	 89.869598	 90.189842	 90.380165
41.447568	 90.023048	 89.891052	 90.188622	 90.397484
41.515784	 90.035431	 89.891052	 90.192696	 90.397484
41.583736	 90.021309	 89.891052	 90.180435	 90.416092
41.647796	 90.021904	 89.891052	 90.180435	 90.401741
41.715640	 90.021904	 89.870247	 90.189842	 90.379814
41.783770	 90.036186	 89.892349	 90.190392	 90.420288
41.848132	 90.035187	 89.891052	 90.218056	 90.398773
41.915753	 90.021904	 89.891052	 90.200821	 90.397484
41.983643	 90.024323	 89.891052	 90.189842	 90.384163
42.047818	 90.035187	 89.891052	 90.189842	 90.416092
42.115793	 90.036072	 89.891052	 90.189842	 90.380165
42.183782	 90.036659	 89.891052	 90.190392	 90.397484
42.247647	 90.023422	 89.891052	 90.187576	 90.398773
42.316393	 90.024323	 89.891052	 90.213974	 90.416092
42.383698	 90.021309	 89.891052	 90.187576	 90.416092
42.447776	 90.021904	 89.870247	 90.214600	 90.416092
42.515607	 90.023422	 89.891052	 90.189842	 90.414551
42.583799	 90.033646	 89.869598	 90.190781	 90.398773
42.647758	 90.035187	 89.891052	 90.190392	 90.420288
42.715717	 90.033150	 89.869598	 90.189842	 90.401741
42.783639	 90.024529	 89.891052	 90.190125	 90.397484
42.848023	 90.037849	 89.869598	 90.190392	 90.416092
42.915697	 90.036659	 89.892349	 90.225739	 90.416092
42.983797	 90.038300	 89.869598	 90.190392	 90.416092
43.047618	 90.018669	 89.870850	 90.213974	 90.416092
43.115712	 90.033150	 89.891052	 90.213974	 90.401741
43.183743	 90.036072	 89.892349	 90.214600	 90.420288
43.247812	 90.021225	 89.891052	 90.201408	 90.416092
43.316270	 90.038300	 89.849754	 90.213974	 90.402718
43.383736	 90.036072	 89.891052	 90.213974	 90.420288
43.447728	 90.021904	 89.891052	 90.189842	 90.398773
43.515844	 90.036186	 89.869598	 90.165985	 90.384163
43.583561	 90.033150	 89.892349	 90.213974	 90.401741
43.647742	 90.022781	 89.892349	 90.214600	 90.420288
43.715788	 90.019760	 89.870850	 90.190392	 90.420288
43.783793	 90.023422	 89.891052	 90.203651	 90.397484
43.847889	 90.038300	 89.891052	 90.189842	 90.401741
43.915721	 90.034645	 89.849754	 90.214600	 90.416092
43.983770	 90.023422	 89.869598	 90.166557	 90.374504
44.047847	 90.034645	 89.891052	 90.177048	 90.420288
44.115536	 90.034218	 89.870247	 90.213974	 90.380165
44.183779	 90.021309	 89.891052	 90.200821	 90.416092
44.247824	 90.034561	 89.870247	 90.213974	 90.396027
44.316246	 90.021225	 89.870247	 90.188118	 90.416092
44.383508	 90.038017	 89.891052	 90.190392	 90.420288
44.447760	 90.034645	 89.891052	 90.190781	 90.384163
44.515754	 90.036659	 89.870247	 90.190125	 90.378510
44.579800	 90.021225	 89.891052	 90.202110	 90.402718
44.647575	 90.021812	 89.871536	 90.190392	 90.416092
44.715678	 90.036659	 89.871536	 90.213974	 90.402718
44.779807	 90.034561	 89.870850	 90.189842	 90.420288
44.847970	 90.023422	 89.870247	 90.175484	 90.414551
44.915516	 90.020370	 89.849754	 90.187973	 90.420288
44.979828	 90.019760	 89.848503	 90.225723	 90.402718
45.047775	 90.035103	 89.868080	 90.195709	 90.384163
45.115747	 90.034561	 89.849754	 90.190392	 90.401741
45.179618	 90.035103	 89.892349	 90.217117	 90.384163
45.247804	 90.035187	 89.870850	 90.190651	 90.401741
45.316448	 90.036072	 89.870850	 90.189842	 90.416092
45.379974	 90.034561	 89.892349	 90.190125	 90.420288
45.447569	 90.020370	 89.869598	 90.225739	 90.416092
45.515777	 90.032570	 89.871536	 90.166557	 90.420288
45.579767	 90.031815	 89.849754	 90.187973	 90.420288
45.647750	 90.019829	 89.870850	 90.166557	 90.402718
45.715631	 90.033218	 89.849754	 90.207642	 90.390442
45.779804	 90.033707	 89.849754	 90.214684	 90.420288
45.848011	 90.034561	 89.849754	 90.166557	 90.378754
45.915718	 90.033218	 89.871536	 90.189842	 90.420288
45.979631	 90.033218	 89.870850	 90.195686	 90.396027
46.047816	 90.033707	 89.849754	 90.177567	 90.420288
46.115653	 90.027863	 89.849754	 90.202011	 90.420288
46.179854	 90.032127	 89.848503	 90.163155	 90.420288
46.247623	 90.019829	 89.849754	 90.201920	 90.396027
46.316285	 90.032127	 89.871536	 90.225166	 90.414551
46.379763	 90.032570	 89.849754	 90.190781	 90.396385
46.447740	 90.034409	 89.870247	 90.225723	 90.371948
46.515585	 90.033218	 89.849754	 90.187378	 90.396027
46.579770	 90.033218	 89.849754	 90.188538	 90.390442
46.647727	 90.032570	 89.849754	 90.190651	 90.394958
46.715697	 90.032127	 89.849754	 90.225723	 90.373909
46.779654	 90.033318	 89.870850	 90.166557	 90.414551
46.847964	 90.032570	 89.849754	 90.190781	 90.390442
46.915694	 90.032570	 89.849754	 90.190781	 90.390442
46.979850	 90.032127	 89.840393	 90.202011	 90.370522
47.047638	 90.033318	 89.849754	 90.228249	 90.414551
47.115693	 90.032127	 89.849754	 90.221649	 90.371948
47.179788	 90.033798	 89.849754	 90.195831	 90.371948
47.247799	 90.032127	 89.849754	 90.201920	 90.370522
47.316169	 90.032127	 89.849754	 90.190651	 90.375282
47.379986	 90.034409	 89.842987	 90.198669	 90.390442
47.447704	 90.033318	 89.847565	 90.189621	 90.371948
47.515787	 90.033318	 89.849754	 90.228043	 90.370522
47.579646	 90.033318	 89.849754	 90.190651	 90.370522
47.647725	 90.033798	 89.831215	 90.228249	 90.371948
47.715737	 90.032570	 89.842987	 90.174355	 90.352074
47.779839	 90.032127	 89.842987	 90.201920	 90.390442
47.847804	 90.032570	 89.849754	 90.200874	 90.393715
47.915659	 90.032127	 89.849754	 90.216873	 90.398247
47.979774	 90.032127	 89.842201	 90.228043	 90.352074
48.047803	 90.032570	 89.842987	 90.216873	 90.370522
48.111797	 90.033798	 89.842987	 90.228043	 90.390442
48.179844	 90.033218	 89.842987	 90.190781	 90.371948
48.247736	 90.034943	 89.826996	 90.228249	 90.390442
48.313342	 90.033218	 89.847565	 90.217117	 90.390442
48.379726	 90.032127	 89.849754	 90.138962	 90.414551
48.447734	 90.032127	 89.849754	 90.214684	 90.420288
48.511791	 90.033318	 89.849754	 90.202011	 90.414551
48.579785	 90.032127	 89.849754	 90.207642	 90.414551
48.647531	 90.032570	 89.849754	 90.190651	 90.396385
48.711755	 90.032570	 89.847565	 90.224922	 90.396385
48.779770	 90.032127	 89.842987	 90.201920	 90.352074
48.847758	 90.032127	 89.849754	 90.163155	 90.377876
48.911574	 90.032127	 89.849754	 90.201920	 90.397034
48.979724	 90.032127	 89.849754	 90.228043	 90.370522
49.047775	 90.032127	 89.842987	 90.174500	 90.373909
49.111790	 90.032127	 89.842987	 90.190781	 90.370522
49.179603	 90.032570	 89.849754	 90.200615	 90.371948
49.247756	 90.032127	 89.849754	 90.233719	 90.390442
49.312944	 90.032570	 89.866180	 90.189995	 90.420288
49.379841	 90.032127	 89.849754	 90.216873	 90.390442
49.447567	 90.032127	 89.866180	 90.190651	 90.396027
49.511864	 90.033218	 89.849754	 90.228043	 90.394958
49.579803	 90.034409	 89.849754	 90.201920	 90.370522
49.647720	 90.032127	 89.849754	 90.214600	 90.370522
49.711619	 90.034409	 89.870850	 90.217117	 90.390442
49.779796	 90.032127	 89.820198	 90.216873	 90.396027
49.848075	 90.033318	 89.840393	 90.228043	 90.370522
49.911816	 90.033318	 89.849754	 90.206200	 90.414551
49.979639	 90.033318	 89.849754	 90.226028	 90.371948
50.047789	 90.033218	 89.826996	 90.187469	 90.390442
50.112017	 90.033318	 89.849754	 90.190781	 90.371948
50.179815	 90.033798	 89.842987	 90.189621	 90.414551
50.247600	 90.032570	 89.847565	 90.233513	 90.390442
50.313137	 90.033318	 89.849754	 90.200615	 90.414551
50.379839	 90.033798	 89.840393	 90.201920	 90.414551
50.447711	 90.053497	 89.846504	 90.224922	 90.370522
50.511672	 90.033318	 89.869240	 90.190651	 90.414551
50.579760	 90.033318	 89.867126	 90.222389	 90.390442
50.647709	 90.033318	 89.844604	 90.220184	 90.370522
50.711734	 90.033318	 89.825020	 90.251671	 90.390442
50.779641	 90.033798	 89.844604	 90.200874	 90.396385
50.848030	 90.033318	 89.867126	 90.180092	 90.414551
50.911870	 90.052055	 89.867126	 90.201920	 90.367493
50.979763	 90.052933	 89.867126	 90.228043	 90.393715
51.047591	 90.033318	 89.825020	 90.206200	 90.370522
51.112032	 90.032570	 89.825020	 90.228043	 90.370522
51.179777	 90.033318	 89.825020	 90.225853	 90.370522
51.247776	 90.033798	 89.844604	 90.201920	 90.417725
51.312475	 90.033318	 89.837204	 90.200615	 90.410339
51.379820	 90.033318	 89.837204	 90.217064	 90.420288
51.447655	 90.032570	 89.844604	 90.228172	 90.397034
51.511835	 90.033318	 89.826996	 90.226028	 90.414551
51.579586	 90.032570	 89.844604	 90.216873	 90.390442
51.647700	 90.033318	 89.859772	 90.225853	 90.390442
51.711754	 90.033318	 89.837204	 90.228043	 90.420288
51.779812	 90.033318	 89.844604	 90.216873	 90.393715
51.843766	 90.033005	 89.840393	 90.198669	 90.420288
51.911757	 90.032570	 89.825020	 90.200615	 90.414551
51.979742	 90.033318	 89.825020	 90.228043	 90.420288
52.043864	 90.033318	 89.867126	 90.176231	 90.420288
52.111732	 90.033318	 89.833519	 90.228043	 90.396385
52.179815	 90.033318	 89.847565	 90.228043	 90.390442
52.243992	 90.052933	 89.844604	 90.228043	 90.420288
52.313350	 90.052055	 89.846504	 90.228043	 90.414551
52.379685	 90.033318	 89.837204	 90.204308	 90.370522
52.443749	 90.032570	 89.844604	 90.206200	 90.370522
52.511792	 90.032570	 89.844604	 90.216873	 90.390442
52.579723	 90.033318	 89.844604	 90.216873	 90.367493
52.643806	 90.033318	 89.847565	 90.174355	 90.390442
52.711734	 90.033318	 89.849754	 90.201920	 90.377876
52.779788	 90.033318	 89.826996	 90.217117	 90.420288
