0.000000				
0.063481	 90.110962	 89.887985	 90.489166	 90.656349
0.131784	 90.109962	 89.896469	 90.488739	 90.656349
0.199888	 90.110962	 89.887985	 90.461700	 90.679390
0.264223	 90.110962	 89.911095	 90.484840	 90.659477
0.331481	 90.134285	 89.911240	 90.490555	 90.636375
0.399783	 90.110962	 89.887985	 90.465721	 90.656349
0.463865	 90.110962	 89.887985	 90.492653	 90.656349
0.531901	 90.086777	 89.887985	 90.491142	 90.635498
0.595622	 90.110962	 89.887985	 90.488556	 90.659477
0.663874	 90.110962	 89.887985	 90.462029	 90.656349
0.731799	 90.110962	 89.887985	 90.465729	 90.656349
0.795868	 90.086311	 89.911240	 90.481667	 90.679390
0.863571	 90.110962	 89.940430	 90.460442	 90.642914
0.931863	 90.110962	 89.887985	 90.487869	 90.636375
0.995916	 90.110962	 89.887985	 90.488693	 90.636375
1.063832	 90.110962	 89.887985	 90.490585	 90.679390
1.131720	 90.110962	 89.887985	 90.462685	 90.665710
1.195837	 90.110962	 89.887985	 90.486832	 90.679039
1.264239	 90.134285	 89.887985	 90.489166	 90.642914
1.331683	 90.110962	 89.911095	 90.487869	 90.659477
1.395648	 90.086777	 89.911240	 90.465721	 90.679390
1.463803	 90.110962	 89.887985	 90.485535	 90.636375
1.531897	 90.110962	 89.887985	 90.464546	 90.662819
1.595714	 90.134285	 89.911095	 90.463470	 90.656349
1.663686	 90.134285	 89.887985	 90.491142	 90.648514
1.727814	 90.110962	 89.887985	 90.506386	 90.656349
1.795844	 90.110962	 89.887985	 90.489166	 90.656349
1.863798	 90.134285	 89.887985	 90.460442	 90.656349
1.927617	 90.110962	 89.887985	 90.489166	 90.659477
1.995868	 90.134285	 89.887985	 90.462685	 90.656349
2.063892	 90.110962	 89.887985	 90.461700	 90.656349
2.127860	 90.110962	 89.887985	 90.486832	 90.656349
2.195675	 90.110962	 89.887985	 90.462685	 90.612343
2.264218	 90.110962	 89.887985	 90.430138	 90.656349
2.327625	 90.110962	 89.887985	 90.487190	 90.656349
2.395761	 90.134285	 89.887985	 90.489166	 90.661583
2.463664	 90.134285	 89.887985	 90.489166	 90.632271
2.527819	 90.110962	 89.911095	 90.487869	 90.656349
2.595717	 90.134285	 89.890427	 90.484840	 90.632271
2.663800	 90.110962	 89.887985	 90.486832	 90.656349
2.727627	 90.110962	 89.887985	 90.461700	 90.656349
2.795754	 90.086311	 89.887985	 90.489166	 90.632271
2.859796	 90.110962	 89.887985	 90.462685	 90.679390
2.927828	 90.110962	 89.887985	 90.488556	 90.659477
2.995641	 90.086311	 89.887985	 90.490791	 90.679390
3.059836	 90.110962	 89.887985	 90.465271	 90.655357
3.127755	 90.110962	 89.911240	 90.463577	 90.636375
3.195803	 90.110962	 89.887985	 90.491142	 90.642914
3.259689	 90.134285	 89.911240	 90.487869	 90.635498
3.327651	 90.134285	 89.911240	 90.460442	 90.656349
3.395737	 90.110962	 89.887985	 90.489830	 90.679390
3.459877	 90.110962	 89.887985	 90.489166	 90.635498
3.527659	 90.110962	 89.911095	 90.465820	 90.632271
3.595753	 90.110962	 89.887985	 90.489830	 90.636375
3.659830	 90.110962	 89.887985	 90.492592	 90.656349
3.727777	 90.110962	 89.887985	 90.461700	 90.632271
3.795628	 90.110962	 89.911095	 90.461700	 90.632271
3.859718	 90.110962	 89.887985	 90.461700	 90.636375
3.927815	 90.110962	 89.911095	 90.465820	 90.659477
3.991857	 90.110962	 89.911095	 90.463470	 90.662819
4.059709	 90.110962	 89.887985	 90.462685	 90.655357
4.127739	 90.110962	 89.911095	 90.485535	 90.636375
4.191875	 90.110962	 89.911095	 90.461700	 90.612343
4.259848	 90.110962	 89.887985	 90.489166	 90.656349
4.327424	 90.134285	 89.887985	 90.463470	 90.679390
4.391755	 90.110962	 89.887985	 90.463943	 90.632271
4.459821	 90.110962	 89.911095	 90.455231	 90.612343
4.527823	 90.110962	 89.887985	 90.459770	 90.656349
4.591689	 90.110962	 89.887985	 90.486832	 90.632271
4.659817	 90.105240	 89.911240	 90.462288	 90.636375
4.727761	 90.110962	 89.887985	 90.465271	 90.656349
4.791805	 90.110962	 89.887985	 90.463577	 90.659477
4.859524	 90.134285	 89.917336	 90.486832	 90.656349
4.927821	 90.110962	 89.911095	 90.467621	 90.636375
4.991858	 90.110962	 89.887985	 90.487190	 90.679390
5.059807	 90.110962	 89.887985	 90.465729	 90.632271
5.123629	 90.105240	 89.887985	 90.490585	 90.679390
5.191849	 90.110962	 89.887985	 90.485535	 90.636375
5.259810	 90.086777	 89.887985	 90.486832	 90.677551
5.323895	 90.110962	 89.917336	 90.489464	 90.679390
5.391594	 90.086777	 89.911240	 90.487869	 90.656349
5.459839	 90.110962	 89.887985	 90.485535	 90.655357
5.523875	 90.086311	 89.887985	 90.493416	 90.659477
5.591766	 90.061768	 89.868492	 90.489464	 90.636375
5.659645	 90.110962	 89.891869	 90.491142	 90.659477
5.723848	 90.084824	 89.911240	 90.482582	 90.656349
5.791809	 90.134285	 89.933083	 90.483871	 90.679039
5.859741	 90.110962	 89.891869	 90.480804	 90.659309
5.923676	 90.109962	 89.868492	 90.478493	 90.659477
5.991848	 90.086311	 89.911240	 90.488739	 90.679039
6.059814	 90.109505	 89.887985	 90.487640	 90.659309
6.123839	 90.084824	 89.909798	 90.485703	 90.636375
6.191680	 90.084824	 89.961891	 90.486549	 90.679390
6.255859	 90.084824	 89.933083	 90.487869	 90.665939
6.323644	 90.079628	 89.933083	 90.487213	 90.679390
6.391737	 90.058853	 89.940430	 90.485863	 90.679039
6.455657	 90.086311	 89.911240	 90.487190	 90.659309
6.523874	 90.086311	 89.911240	 90.481888	 90.679390
6.591908	 90.086777	 89.917336	 90.487190	 90.641434
6.655873	 90.110962	 89.887985	 90.465820	 90.679390
6.723566	 90.086777	 89.887985	 90.482735	 90.659309
6.791760	 90.084824	 89.961891	 90.489830	 90.659309
6.855842	 90.084824	 89.961891	 90.493416	 90.659309
6.923850	 90.109505	 89.921188	 90.482582	 90.659309
6.991678	 90.109505	 89.911240	 90.488739	 90.659309
7.055838	 90.075104	 89.933083	 90.487869	 90.659309
7.123797	 90.134285	 89.911240	 90.487236	 90.642914
7.191844	 90.084824	 89.887985	 90.484406	 90.659309
7.255654	 90.064781	 89.911240	 90.459122	 90.659309
7.323760	 90.134285	 89.911240	 90.487869	 90.659309
7.387798	 90.084824	 89.946533	 90.505211	 90.659309
7.455877	 90.084824	 89.933083	 90.491570	 90.654892
7.523658	 90.084824	 89.911240	 90.493477	 90.679390
7.587760	 90.086311	 89.917336	 90.515610	 90.659309
7.655879	 90.075104	 89.887985	 90.490791	 90.612343
7.723819	 90.109505	 89.940430	 90.490585	 90.679390
7.787906	 90.084824	 89.961891	 90.494766	 90.656349
7.855878	 90.075104	 89.887985	 90.464546	 90.636375
7.923831	 90.134285	 89.911240	 90.486496	 90.679390
7.987833	 90.110962	 89.887985	 90.488556	 90.636375
8.055679	 90.084824	 89.911240	 90.507172	 90.659309
8.123767	 90.084824	 89.940430	 90.483894	 90.679390
8.187908	 90.110962	 89.912628	 90.482063	 90.685783
8.255880	 90.075104	 89.940430	 90.484406	 90.641785
8.323568	 90.061768	 89.911240	 90.489464	 90.659477
8.387740	 90.086311	 89.911240	 90.487640	 90.636147
8.455907	 90.109505	 89.911240	 90.465935	 90.659477
8.519799	 90.134285	 89.887985	 90.487869	 90.655937
8.587706	 90.109962	 89.887985	 90.489166	 90.655937
8.655836	 90.109962	 89.887985	 90.461700	 90.636375
8.719770	 90.110962	 89.887985	 90.495216	 90.659477
8.788127	 90.109505	 89.891869	 90.485535	 90.659477
8.855586	 90.110962	 89.887985	 90.463943	 90.635498
8.919862	 90.084824	 89.917336	 90.491142	 90.659477
8.987866	 90.061768	 89.887985	 90.461700	 90.679390
9.055843	 90.110962	 89.887985	 90.488693	 90.636147
9.119634	 90.086311	 89.933083	 90.484840	 90.659477
9.187838	 90.086311	 89.891869	 90.485535	 90.635498
9.255839	 90.109962	 89.887985	 90.487190	 90.659309
9.319845	 90.110962	 89.887985	 90.490791	 90.659477
9.387573	 90.110962	 89.911240	 90.455040	 90.679390
9.455860	 90.086777	 89.911240	 90.489166	 90.679390
9.519864	 90.086311	 89.887985	 90.465935	 90.659309
9.587766	 90.086777	 89.961891	 90.489166	 90.655357
9.651687	 90.110962	 89.887985	 90.491318	 90.659477
9.719790	 90.084824	 89.911240	 90.480804	 90.659477
9.788093	 90.084824	 89.911240	 90.487869	 90.679390
9.852098	 90.110962	 89.909798	 90.487869	 90.656349
9.919625	 90.134285	 89.933083	 90.487190	 90.641785
9.987844	 90.110962	 89.911240	 90.458839	 90.655357
10.051875	 90.084824	 89.911240	 90.489464	 90.636375
10.119803	 90.052536	 89.887985	 90.485535	 90.632271
10.187683	 90.061768	 89.887985	 90.456337	 90.659477
10.251813	 90.110962	 89.887985	 90.490555	 90.679039
10.319903	 90.110962	 89.911240	 90.465271	 90.679039
10.387778	 90.134285	 89.887985	 90.463577	 90.636375
10.451683	 90.110962	 89.911240	 90.487869	 90.636375
10.519850	 90.110962	 89.887985	 90.462219	 90.656349
10.587888	 90.109505	 89.911240	 90.461891	 90.635498
10.651848	 90.134285	 89.887985	 90.487869	 90.685783
10.719581	 90.086311	 89.887985	 90.490791	 90.659477
10.783834	 90.134285	 89.887985	 90.486496	 90.659477
10.852087	 90.134285	 89.887985	 90.489166	 90.636375
10.919826	 90.109505	 89.887985	 90.487869	 90.659477
10.983704	 90.086777	 89.913933	 90.492653	 90.656349
11.051838	 90.128098	 89.890427	 90.486832	 90.632271
11.119757	 90.110962	 89.887985	 90.487869	 90.636375
11.183814	 90.128098	 89.911095	 90.459770	 90.656349
11.251676	 90.086777	 89.913933	 90.486832	 90.656349
11.320109	 90.134285	 89.911095	 90.462685	 90.656349
11.383788	 90.110962	 89.887985	 90.492989	 90.656349
11.451851	 90.110962	 89.911095	 90.487869	 90.656349
11.519703	 90.086311	 89.887985	 90.463943	 90.656349
11.583773	 90.110962	 89.887985	 90.486832	 90.636375
11.651833	 90.110962	 89.887985	 90.486832	 90.656349
11.719784	 90.110962	 89.890427	 90.486832	 90.656349
11.783690	 90.110962	 89.911095	 90.460442	 90.679390
11.852095	 90.110962	 89.911095	 90.465820	 90.656349
11.915823	 90.110962	 89.911095	 90.463943	 90.632271
11.983812	 90.110962	 89.887985	 90.463890	 90.656349
12.051658	 90.110962	 89.911095	 90.489166	 90.656349
12.115776	 90.110962	 89.887985	 90.485535	 90.650253
12.183826	 90.110962	 89.887985	 90.461700	 90.656349
12.251837	 90.110962	 89.887985	 90.459167	 90.656349
12.315500	 90.110962	 89.887985	 90.491142	 90.656349
12.383745	 90.110962	 89.911095	 90.463943	 90.679390
12.451865	 90.134285	 89.887985	 90.465820	 90.671638
12.515845	 90.110962	 89.911095	 90.463577	 90.656349
12.583549	 90.085182	 89.911095	 90.465820	 90.655357
12.651811	 90.110962	 89.887985	 90.462685	 90.636375
12.715760	 90.110962	 89.887985	 90.486832	 90.636375
12.783872	 90.110962	 89.887985	 90.429047	 90.632271
12.851853	 90.110962	 89.911095	 90.488640	 90.655357
12.915816	 90.110962	 89.911095	 90.465820	 90.656349
12.983854	 90.110962	 89.887985	 90.489166	 90.656349
13.047784	 90.110962	 89.887985	 90.488556	 90.659477
13.115614	 90.110962	 89.887985	 90.464546	 90.662819
13.183798	 90.110962	 89.911095	 90.430138	 90.656349
13.247814	 90.110962	 89.911095	 90.485535	 90.656349
13.315656	 90.110962	 89.887985	 90.459770	 90.656349
13.383576	 90.110962	 89.911095	 90.485535	 90.636375
13.447814	 90.110962	 89.887985	 90.462685	 90.632271
13.515820	 90.110962	 89.887985	 90.485535	 90.632271
13.583675	 90.110962	 89.887985	 90.486832	 90.632271
13.647622	 90.110962	 89.887985	 90.459167	 90.648514
13.715803	 90.110962	 89.887985	 90.463943	 90.612343
13.783829	 90.110962	 89.887985	 90.489830	 90.656349
13.847720	 90.110962	 89.887985	 90.489166	 90.655357
13.915645	 90.110962	 89.911095	 90.463577	 90.656349
13.983793	 90.110962	 89.911095	 90.461700	 90.656349
14.047842	 90.110962	 89.887985	 90.486832	 90.656349
14.115792	 90.110962	 89.887985	 90.490997	 90.636375
14.179603	 90.110962	 89.887985	 90.478493	 90.636375
14.247783	 90.110962	 89.887985	 90.486832	 90.632271
14.315647	 90.110962	 89.887985	 90.463890	 90.659309
14.379884	 90.110962	 89.887985	 90.490997	 90.659477
14.447614	 90.110962	 89.887985	 90.489464	 90.659477
14.515828	 90.110962	 89.887985	 90.486832	 90.679390
14.579694	 90.110962	 89.887985	 90.487869	 90.659477
14.647761	 90.110962	 89.890427	 90.487236	 90.661583
14.715546	 90.134285	 89.887985	 90.484840	 90.679039
14.780111	 90.110962	 89.887985	 90.485535	 90.636147
14.847725	 90.109505	 89.887985	 90.489166	 90.679390
14.915833	 90.110962	 89.887985	 90.491142	 90.659477
14.979618	 90.134285	 89.887985	 90.489166	 90.636375
15.047772	 90.110962	 89.911095	 90.487236	 90.656349
15.115780	 90.110962	 89.887985	 90.461571	 90.636375
15.179757	 90.110962	 89.917336	 90.486832	 90.641434
15.247606	 90.134285	 89.887985	 90.487869	 90.656349
15.311588	 90.110962	 89.887985	 90.487869	 90.656349
15.379724	 90.110962	 89.887985	 90.465820	 90.656349
15.447731	 90.110962	 89.909798	 90.487869	 90.656349
15.511592	 90.085182	 89.887985	 90.489830	 90.656349
15.579675	 90.110962	 89.911240	 90.490791	 90.651665
15.647788	 90.134285	 89.887985	 90.489464	 90.679390
15.711814	 90.110962	 89.887985	 90.460571	 90.659477
15.779662	 90.134285	 89.911240	 90.490639	 90.612343
15.847720	 90.110962	 89.887985	 90.489166	 90.636375
15.911784	 90.109505	 89.887985	 90.486832	 90.655937
15.979797	 90.110962	 89.887985	 90.487190	 90.655357
16.047563	 90.110962	 89.887985	 90.489166	 90.636375
16.111724	 90.134285	 89.887985	 90.491142	 90.636147
16.179799	 90.086777	 89.933083	 90.487869	 90.655357
16.247746	 90.110962	 89.868492	 90.463577	 90.665939
16.311419	 90.109962	 89.911240	 90.455208	 90.659309
16.379724	 90.110962	 89.887985	 90.484840	 90.659477
16.443785	 90.134285	 89.911240	 90.491318	 90.636147
16.511784	 90.134285	 89.890427	 90.489464	 90.659477
16.579434	 90.086311	 89.911240	 90.484840	 90.659477
16.643830	 90.134285	 89.887985	 90.487869	 90.612343
16.711706	 90.086311	 89.887985	 90.491318	 90.659309
16.780227	 90.110962	 89.933083	 90.463890	 90.655937
16.843525	 90.110962	 89.940430	 90.487236	 90.659309
16.911662	 90.109962	 89.940430	 90.460442	 90.656349
16.979816	 90.109962	 89.887985	 90.464546	 90.659477
17.043798	 90.086777	 89.887985	 90.489464	 90.659477
17.111606	 90.110962	 89.887985	 90.489464	 90.659309
17.179743	 90.086777	 89.887985	 90.455658	 90.656349
17.243801	 90.109505	 89.961891	 90.485535	 90.679390
17.312080	 90.086777	 89.917336	 90.490555	 90.636375
17.379363	 90.109962	 89.891869	 90.486832	 90.679039
17.443760	 90.134285	 89.909798	 90.489166	 90.679390
17.511902	 90.109962	 89.911240	 90.489830	 90.636375
17.575691	 90.109962	 89.887985	 90.489464	 90.679390
17.643558	 90.110962	 89.887985	 90.489464	 90.636375
17.711732	 90.110962	 89.911240	 90.488739	 90.679390
17.776250	 90.086777	 89.887985	 90.485535	 90.679390
17.843651	 90.110962	 89.887985	 90.462685	 90.636375
17.911580	 90.110962	 89.887985	 90.485535	 90.656349
17.976341	 90.110962	 89.909798	 90.489273	 90.656349
18.044385	 90.110962	 89.887985	 90.460442	 90.679390
18.114241	 90.110962	 89.887985	 90.486496	 90.659477
18.178406	 90.110962	 89.887985	 90.485535	 90.636375
18.247265	 90.110962	 89.911095	 90.462685	 90.632271
18.315108	 90.110962	 89.887985	 90.487236	 90.679390
18.379541	 90.110962	 89.911095	 90.484840	 90.659477
18.445246	 90.134285	 89.911095	 90.491142	 90.636375
18.514594	 90.110962	 89.887985	 90.488640	 90.656349
18.578889	 90.110962	 89.887985	 90.485535	 90.636375
18.647543	 90.086777	 89.887985	 90.456337	 90.611992
18.710887	 90.134285	 89.887985	 90.461700	 90.636375
18.779576	 90.110962	 89.911240	 90.463943	 90.636375
18.843829	 90.086311	 89.887985	 90.486832	 90.636375
18.907778	 90.134285	 89.887985	 90.430138	 90.656349
18.975584	 90.110962	 89.887985	 90.463470	 90.632271
19.043735	 90.110962	 89.887985	 90.486832	 90.656349
19.107805	 90.110962	 89.887985	 90.465820	 90.656349
19.175778	 90.110962	 89.887985	 90.460442	 90.656349
19.243632	 90.134285	 89.887985	 90.456444	 90.632271
19.307850	 90.110962	 89.887985	 90.485535	 90.659477
19.375753	 90.110962	 89.887985	 90.487236	 90.612343
19.443764	 90.134285	 89.887985	 90.486832	 90.636375
19.507639	 90.110962	 89.887985	 90.486832	 90.651665
19.575663	 90.110962	 89.887985	 90.466690	 90.636375
19.643753	 90.110962	 89.887985	 90.461700	 90.636375
19.707842	 90.110962	 89.911095	 90.484207	 90.655357
19.776011	 90.110962	 89.887985	 90.486832	 90.656349
19.839826	 90.110962	 89.887985	 90.465729	 90.655937
19.907767	 90.134285	 89.887985	 90.465729	 90.656349
19.975789	 90.110962	 89.911095	 90.488556	 90.636375
20.039641	 90.110962	 89.887985	 90.486832	 90.636375
20.107757	 90.110962	 89.887985	 90.489464	 90.659477
20.175733	 90.086311	 89.887985	 90.465485	 90.636375
20.239841	 90.110962	 89.887985	 90.459793	 90.656349
20.307700	 90.110962	 89.887985	 90.461700	 90.659309
20.375634	 90.110962	 89.933083	 90.487869	 90.656349
20.439858	 90.110962	 89.890427	 90.463943	 90.656349
20.507804	 90.134285	 89.887985	 90.487869	 90.659477
20.575512	 90.086777	 89.887985	 90.487869	 90.679390
20.639759	 90.110962	 89.887985	 90.489166	 90.679390
20.707719	 90.086777	 89.911095	 90.459770	 90.612343
20.776183	 90.134285	 89.887985	 90.490555	 90.655357
20.839571	 90.110962	 89.911240	 90.490791	 90.656349
20.907706	 90.110962	 89.887985	 90.489166	 90.636375
20.971827	 90.110962	 89.887985	 90.487236	 90.679390
21.039823	 90.110962	 89.887985	 90.461700	 90.656349
21.107537	 90.086777	 89.887985	 90.488640	 90.656349
21.171792	 90.110962	 89.887985	 90.489189	 90.632271
21.239828	 90.110962	 89.887985	 90.490791	 90.656349
21.308028	 90.110962	 89.887985	 90.463943	 90.679039
21.371558	 90.134285	 89.887985	 90.460442	 90.659477
21.439890	 90.110962	 89.887985	 90.430138	 90.636147
21.507797	 90.110962	 89.890427	 90.490791	 90.636375
21.571850	 90.110962	 89.887985	 90.486832	 90.655357
21.639634	 90.110962	 89.887985	 90.461700	 90.632271
21.707731	 90.134285	 89.887985	 90.463943	 90.679390
21.773249	 90.110962	 89.887985	 90.487869	 90.636375
21.839976	 90.110962	 89.887985	 90.488556	 90.635208
21.907563	 90.110962	 89.887985	 90.489166	 90.648514
21.971785	 90.086311	 89.887985	 90.485535	 90.636375
22.039822	 90.134285	 89.911240	 90.463577	 90.655357
22.103784	 90.110962	 89.887985	 90.489166	 90.636375
22.171586	 90.086777	 89.887985	 90.484840	 90.656349
22.239747	 90.110962	 89.887985	 90.489166	 90.679390
22.304063	 90.086311	 89.887985	 90.489166	 90.636147
22.371719	 90.110962	 89.917336	 90.488556	 90.679390
22.439751	 90.110962	 89.887985	 90.486832	 90.656349
22.503771	 90.086777	 89.887985	 90.489151	 90.659477
22.571761	 90.110962	 89.909798	 90.464546	 90.636375
22.639749	 90.110962	 89.911240	 90.487869	 90.679390
22.703507	 90.110962	 89.911240	 90.490791	 90.679390
22.773243	 90.109505	 89.911240	 90.489166	 90.659309
22.839987	 90.109505	 89.887985	 90.487869	 90.659477
22.903752	 90.109505	 89.887985	 90.491318	 90.659477
22.971535	 90.086777	 89.887985	 90.489464	 90.659309
23.039776	 90.109962	 89.887985	 90.480804	 90.659477
23.103774	 90.086777	 89.911240	 90.487190	 90.659309
23.171791	 90.110962	 89.911240	 90.487190	 90.641434
23.235635	 90.134285	 89.887985	 90.464546	 90.655937
23.304147	 90.086311	 89.887985	 90.491318	 90.659309
23.371676	 90.086777	 89.937485	 90.488556	 90.636147
23.435756	 90.086777	 89.911240	 90.483871	 90.665710
23.503609	 90.110962	 89.933083	 90.491142	 90.659477
23.571747	 90.110962	 89.911240	 90.492844	 90.656349
23.635808	 90.134285	 89.917336	 90.484840	 90.659477
23.703749	 90.052536	 89.887985	 90.494499	 90.612343
23.773012	 90.084824	 89.911240	 90.487869	 90.635498
23.835792	 90.110962	 89.940430	 90.483871	 90.659477
23.903717	 90.134285	 89.911240	 90.486832	 90.636147
23.971799	 90.084824	 89.913651	 90.489464	 90.659309
24.035602	 90.109505	 89.911240	 90.489166	 90.679390
24.103734	 90.084824	 89.913651	 90.488739	 90.659309
24.171801	 90.086311	 89.913651	 90.488693	 90.659477
24.235806	 90.084824	 89.924637	 90.480804	 90.659477
24.303772	 90.052536	 89.909798	 90.489464	 90.659309
24.367896	 90.102341	 89.913651	 90.493416	 90.659477
24.435770	 90.084824	 89.940430	 90.485703	 90.685783
24.503823	 90.109962	 89.911240	 90.457581	 90.659309
24.567832	 90.061768	 89.942581	 90.484406	 90.665710
24.635707	 90.061768	 89.911240	 90.489464	 90.659477
24.703770	 90.061768	 89.921188	 90.471603	 90.659309
24.768797	 90.109962	 89.913651	 90.493416	 90.659309
24.835457	 90.084824	 89.942581	 90.485863	 90.659309
24.903815	 90.061768	 89.896469	 90.462807	 90.659309
24.967842	 90.084824	 89.946533	 90.485756	 90.659309
25.035831	 90.075104	 89.946533	 90.463425	 90.636147
25.103609	 90.084824	 89.942581	 90.457779	 90.659309
25.167921	 90.077118	 89.946533	 90.481888	 90.665710
25.235742	 90.084824	 89.942581	 90.485863	 90.659309
25.304019	 90.084824	 89.921188	 90.484406	 90.665710
25.367506	 90.109962	 89.913651	 90.457031	 90.653221
25.435768	 90.061768	 89.891869	 90.487823	 90.659477
25.499826	 90.075104	 89.891869	 90.490791	 90.659477
25.567882	 90.084824	 89.918732	 90.489464	 90.659309
25.636176	 90.084824	 89.911240	 90.488693	 90.659309
25.700103	 90.109962	 89.891869	 90.483711	 90.659309
25.770929	 90.084824	 89.921188	 90.492699	 90.659309
25.835767	 90.061768	 89.913651	 90.488739	 90.659309
25.899436	 90.061768	 89.915176	 90.491318	 90.659309
25.967834	 90.084824	 89.946533	 90.482582	 90.659477
26.035810	 90.061768	 89.913651	 90.488319	 90.659309
26.099732	 90.084824	 89.961891	 90.484406	 90.681694
26.167634	 90.084824	 89.918732	 90.481888	 90.659309
26.235760	 90.079628	 89.869255	 90.481812	 90.659309
26.299747	 90.061768	 89.946533	 90.509422	 90.646751
26.367948	 90.084824	 89.918732	 90.486404	 90.659309
26.435574	 90.084824	 89.942581	 90.490585	 90.642914
26.499773	 90.084824	 89.915176	 90.491142	 90.679390
26.567976	 90.086777	 89.911240	 90.489464	 90.659309
26.631718	 90.110962	 89.887985	 90.457458	 90.655357
26.699500	 90.110962	 89.887985	 90.489647	 90.632271
26.768696	 90.110962	 89.911095	 90.463470	 90.656349
26.831622	 90.110962	 89.911095	 90.432281	 90.632271
26.899740	 90.110962	 89.887985	 90.467941	 90.632271
26.967589	 90.110962	 89.911095	 90.460495	 90.648514
27.031772	 90.110962	 89.911095	 90.459167	 90.632271
27.099742	 90.110962	 89.911095	 90.429329	 90.656349
27.167805	 90.110962	 89.911095	 90.458504	 90.626213
27.231606	 90.110962	 89.911095	 90.457481	 90.632271
27.299665	 90.110962	 89.911095	 90.448082	 90.656349
27.367444	 90.110962	 89.911095	 90.426605	 90.626213
27.431770	 90.110962	 89.911095	 90.516876	 90.642410
27.499268	 90.110962	 89.911095	 90.508904	 90.648514
27.567950	 90.110962	 89.911095	 90.446587	 90.632271
27.631426	 90.110962	 89.911095	 90.475006	 90.630333
27.699752	 90.110962	 89.887985	 90.480255	 90.632271
27.765819	 90.110962	 89.911095	 90.452232	 90.626213
27.831637	 90.110962	 89.911095	 90.484367	 90.632271
27.899765	 90.134285	 89.887985	 90.487236	 90.655937
27.963742	 90.109962	 89.921188	 90.457657	 90.665710
28.031609	 90.109962	 89.918732	 90.503738	 90.659309
28.099761	 90.084824	 89.913651	 90.505211	 90.665710
28.163985	 90.061768	 89.931023	 90.461380	 90.674980
28.231734	 90.097038	 89.931023	 90.480385	 90.679039
28.299520	 90.075104	 89.942581	 90.510139	 90.665710
28.363618	 90.084824	 89.946533	 90.509125	 90.659309
28.431810	 90.061768	 89.913651	 90.464760	 90.659309
28.499799	 90.084824	 89.942581	 90.510139	 90.659309
28.563468	 90.109962	 89.942581	 90.486549	 90.665710
28.631721	 90.084824	 89.918732	 90.516006	 90.665710
28.699677	 90.109962	 89.946533	 90.463425	 90.659309
28.764087	 90.097038	 89.942581	 90.485771	 90.659309
28.831437	 90.087906	 89.946533	 90.487640	 90.659309
28.895690	 90.109962	 89.918732	 90.489624	 90.665710
28.963763	 90.087906	 89.891869	 90.485756	 90.659309
29.031592	 90.097038	 89.924637	 90.463425	 90.659309
29.095579	 90.084824	 89.942581	 90.488319	 90.659309
29.163697	 90.097038	 89.913651	 90.489464	 90.659309
29.231783	 90.075104	 89.942581	 90.488319	 90.659309
29.295709	 90.084824	 89.946533	 90.509125	 90.659309
29.363463	 90.077118	 89.946533	 90.461380	 90.644928
29.431657	 90.097038	 89.924637	 90.487640	 90.659309
29.495751	 90.061768	 89.946533	 90.508240	 90.665710
29.563707	 90.084824	 89.921188	 90.461380	 90.659477
29.631585	 90.097038	 89.942581	 90.465019	 90.665710
29.695666	 90.084824	 89.942581	 90.485664	 90.665710
29.764095	 90.084824	 89.942581	 90.484406	 90.659477
29.831553	 90.087906	 89.946533	 90.485863	 90.659309
29.895455	 90.097038	 89.946533	 90.503181	 90.644928
29.963736	 90.097038	 89.924637	 90.477127	 90.665710
30.027705	 90.097038	 89.946533	 90.483398	 90.665710
30.095661	 90.084824	 89.965111	 90.487076	 90.659309
30.163557	 90.087906	 89.942581	 90.510139	 90.659309
30.227700	 90.054611	 89.942581	 90.486549	 90.665710
30.295791	 90.101334	 89.934044	 90.483711	 90.665710
30.363589	 90.075104	 89.946533	 90.462807	 90.665710
30.427532	 90.084824	 89.942581	 90.490555	 90.659309
30.495689	 90.054611	 89.946533	 90.462807	 90.659309
30.563682	 90.122002	 89.942581	 90.487648	 90.659309
30.627704	 90.087906	 89.965111	 90.457657	 90.665710
30.695376	 90.084824	 89.942581	 90.512115	 90.659309
30.764097	 90.084824	 89.942581	 90.482582	 90.665710
30.827608	 90.097038	 89.946533	 90.507172	 90.659309
30.895601	 90.067535	 89.921188	 90.509933	 90.659309
30.963528	 90.084824	 89.922943	 90.486549	 90.636147
31.027723	 90.064781	 89.946533	 90.488319	 90.651947
31.095655	 90.084824	 89.942581	 90.490929	 90.636147
31.159752	 90.084824	 89.924637	 90.487648	 90.665710
31.227565	 90.087906	 89.924637	 90.483871	 90.646751
31.295674	 90.109962	 89.934044	 90.459747	 90.659309
31.359661	 90.084824	 89.918732	 90.467796	 90.679039
31.427675	 90.084824	 89.924637	 90.477837	 90.659309
31.495501	 90.084824	 89.922943	 90.488739	 90.659309
31.559773	 90.097038	 89.921677	 90.487640	 90.659309
31.627731	 90.084824	 89.946533	 90.482582	 90.659309
31.695702	 90.061768	 89.913651	 90.491318	 90.659477
31.759586	 90.086777	 89.915176	 90.485863	 90.659309
31.827526	 90.084824	 89.937485	 90.480804	 90.659477
31.895665	 90.084824	 89.918732	 90.487869	 90.659309
31.959729	 90.084824	 89.891869	 90.514091	 90.685371
32.027554	 90.061768	 89.921188	 90.457657	 90.659477
32.095640	 90.084824	 89.938751	 90.495216	 90.659309
32.159758	 90.084824	 89.943192	 90.508240	 90.659309
32.227724	 90.084824	 89.940430	 90.489166	 90.659477
32.292194	 90.084824	 89.943192	 90.490791	 90.659309
32.359583	 90.084824	 89.911240	 90.484390	 90.659309
32.427689	 90.102341	 89.911240	 90.490791	 90.679039
32.491731	 90.061768	 89.942581	 90.488739	 90.665710
32.559662	 90.061768	 89.915176	 90.484390	 90.659309
32.627643	 90.128098	 89.933083	 90.491234	 90.659309
32.691719	 90.109962	 89.913651	 90.484009	 90.659309
32.759735	 90.084824	 89.913651	 90.491318	 90.659309
32.827358	 90.052536	 89.909798	 90.485855	 90.665710
32.891681	 90.084824	 89.921188	 90.486549	 90.665710
32.959726	 90.109505	 89.942581	 90.488739	 90.659309
33.027667	 90.061768	 89.933083	 90.493416	 90.659309
33.091505	 90.102341	 89.942581	 90.481888	 90.659477
33.159744	 90.061768	 89.946533	 90.485703	 90.659309
33.227708	 90.109505	 89.921188	 90.494499	 90.659309
33.291811	 90.061768	 89.933083	 90.457581	 90.659309
33.359433	 90.109962	 89.942581	 90.492699	 90.659309
33.423758	 90.084824	 89.965111	 90.486549	 90.659309
33.491779	 90.064781	 89.921188	 90.490585	 90.665710
33.559820	 90.059265	 89.911240	 90.485771	 90.665710
33.623528	 90.084824	 89.913651	 90.484528	 90.659309
33.691809	 90.075104	 89.942581	 90.461380	 90.659309
33.759702	 90.084824	 89.895210	 90.488739	 90.638443
33.823786	 90.109962	 89.942581	 90.487823	 90.659309
33.891426	 90.084824	 89.913651	 90.483894	 90.665710
33.959714	 90.084824	 89.913651	 90.483871	 90.665710
34.023772	 90.109962	 89.913651	 90.482582	 90.635208
34.091688	 90.084824	 89.942581	 90.487640	 90.642616
34.159501	 90.084824	 89.913651	 90.457657	 90.665710
34.223735	 90.075104	 89.942581	 90.485756	 90.681694
34.292123	 90.075104	 89.913651	 90.492538	 90.665710
34.359645	 90.084824	 89.891869	 90.486404	 90.659309
34.423535	 90.075104	 89.942581	 90.487648	 90.659309
34.491705	 90.084824	 89.891869	 90.482582	 90.659309
34.555895	 90.134285	 89.913651	 90.469666	 90.679039
34.623701	 90.084824	 89.913651	 90.485863	 90.638443
34.691552	 90.084824	 89.942581	 90.507080	 90.659309
34.755703	 90.109962	 89.933083	 90.517189	 90.638443
34.823630	 90.084824	 89.942581	 90.484009	 90.679039
34.891627	 90.084824	 89.946533	 90.484528	 90.679390
34.955585	 90.061768	 89.868492	 90.490791	 90.679390
35.023715	 90.061768	 89.913651	 90.488739	 90.659309
35.091686	 90.084824	 89.891869	 90.490791	 90.636147
35.155749	 90.061768	 89.940430	 90.489830	 90.685783
