0.064014 	 180.656401 	 2822.138923 
0.131672 	 180.629441 	 12.413757 
0.199924 	 180.656401 	 14.202192 
0.263943 	 180.725229 	 17.563036 
0.331967 	 180.610227 	 14.648168 
0.399747 	 180.681732 	 15.755857 
0.464674 	 180.656401 	 14.651486 
0.531911 	 180.674630 	 14.483231 
0.599885 	 180.674630 	 15.709448 
0.663751 	 180.656401 	 15.029875 
0.732989 	 180.656401 	 13.942647 
0.799827 	 180.656401 	 15.703716 
0.864076 	 180.707863 	 17.028483 
0.931834 	 180.656401 	 14.051271 
0.999867 	 180.656401 	 15.427881 
1.063873 	 180.629441 	 14.661141 
1.131856 	 180.656401 	 12.707662 
1.199779 	 180.629441 	 15.143324 
1.263842 	 180.707863 	 15.707881 
1.331848 	 180.725229 	 15.092668 
1.399901 	 180.549441 	 12.549366 
1.463957 	 180.707863 	 17.170070 
1.531951 	 180.629441 	 15.211004 
1.599868 	 180.656401 	 15.454231 
1.664092 	 180.656401 	 16.430540 
1.732066 	 180.707863 	 15.017360 
1.799821 	 180.656401 	 14.150528 
1.863888 	 180.674630 	 16.760095 
1.931836 	 180.656401 	 15.504445 
1.999717 	 180.629441 	 13.787348 
2.063883 	 180.656401 	 13.463594 
2.131858 	 180.656401 	 14.104730 
2.199850 	 180.629441 	 13.686963 
2.263623 	 180.707863 	 15.723566 
2.331944 	 180.629441 	 14.950367 
2.399887 	 180.707863 	 13.559719 
2.463833 	 180.656401 	 14.913724 
2.531681 	 180.656401 	 15.451951 
2.599819 	 180.656401 	 15.404106 
2.663888 	 180.656401 	 15.003215 
2.732389 	 180.656401 	 14.056131 
2.799695 	 180.656401 	 14.244926 
2.863916 	 180.656401 	 16.524455 
2.931876 	 180.656401 	 14.060918 
2.999858 	 180.707863 	 16.178488 
3.063693 	 180.707863 	 17.138921 
3.131839 	 180.656401 	 14.069336 
3.195953 	 180.656401 	 14.935334 
3.264125 	 180.681732 	 14.435545 
3.331773 	 180.656401 	 14.205623 
2.517404 	 180.656401 	 -1.280256 
2.580959 	 180.656401 	 14.967776 
2.648797 	 180.674630 	 14.236608 
2.716965 	 180.696366 	 14.633391 
2.781321 	 180.656401 	 14.879172 
2.848947 	 180.674630 	 16.063984 
2.916931 	 180.707863 	 14.842110 
2.980981 	 180.656401 	 14.950258 
3.049094 	 180.656401 	 14.058462 
3.116917 	 180.725229 	 15.040694 
3.180819 	 180.725229 	 15.905324 
3.250504 	 180.656401 	 13.741322 
3.317198 	 180.674630 	 14.480808 
3.380979 	 180.696366 	 15.639908 
3.448844 	 180.674630 	 14.230944 
3.512966 	 180.656401 	 14.933471 
3.580934 	 180.656401 	 14.088453 
3.648937 	 180.681732 	 14.453701 
3.712778 	 180.629441 	 14.420106 
3.781272 	 180.656401 	 13.980261 
3.848949 	 180.656401 	 14.001123 
3.913085 	 180.656401 	 15.076525 
3.980868 	 180.674630 	 14.450083 
4.049075 	 180.674630 	 14.306347 
4.112971 	 180.681732 	 17.180935 
4.180936 	 180.591333 	 13.269771 
4.250246 	 180.674630 	 14.078676 
4.313060 	 180.645188 	 15.065925 
4.380956 	 180.656401 	 14.103393 
4.448875 	 180.656401 	 14.098617 
4.512730 	 180.629441 	 14.573706 
4.580943 	 180.656401 	 14.175421 
4.648972 	 180.641994 	 14.001984 
4.712908 	 180.656401 	 15.095768 
4.781006 	 180.656401 	 15.684954 
4.848898 	 180.656401 	 15.820421 
4.913044 	 180.674630 	 15.200402 
4.980943 	 180.674630 	 14.371243 
5.048856 	 180.667272 	 14.112541 
5.112979 	 180.674630 	 15.274862 
5.180974 	 180.656401 	 14.082859 
5.251814 	 180.674630 	 13.633300 
5.312762 	 180.656401 	 15.711164 
5.380967 	 180.707863 	 14.783051 
5.448920 	 180.662117 	 14.028373 
5.512955 	 180.656401 	 16.546717 
5.580871 	 180.641994 	 13.887111 
5.648968 	 180.647559 	 14.091237 
5.712976 	 180.656401 	 15.106674 
5.781402 	 180.629441 	 13.600152 
5.848780 	 180.674630 	 14.482368 
5.913038 	 180.656401 	 14.901864 
5.981100 	 180.725229 	 15.080250 
6.048898 	 180.674630 	 14.245007 
6.112750 	 180.696366 	 15.893989 
6.181066 	 180.674630 	 14.272572 
6.250405 	 180.641994 	 13.457751 
6.313003 	 180.674630 	 15.588246 
6.380793 	 180.656401 	 15.484083 
6.448899 	 180.674630 	 14.381552 
6.512989 	 180.629441 	 14.520268 
6.580961 	 180.725229 	 15.404622 
6.648802 	 180.656401 	 17.740983 
6.712962 	 180.629441 	 14.622865 
6.781403 	 180.629441 	 13.734282 
6.848917 	 180.610227 	 13.398702 
6.912858 	 180.707863 	 15.448148 
6.981092 	 180.656401 	 14.033532 
7.045283 	 180.656401 	 14.917418 
7.112896 	 180.656401 	 14.162424 
7.180824 	 180.674630 	 14.365107 
7.245893 	 180.656401 	 16.111881 
7.312957 	 180.577111 	 12.946797 
7.380886 	 180.656401 	 14.085530 
7.444811 	 180.656401 	 14.979492 
7.512922 	 180.596096 	 13.173482 
7.580899 	 180.656401 	 13.939332 
7.644926 	 180.674630 	 16.738642 
7.712762 	 180.707863 	 14.874491 
7.781311 	 180.656401 	 16.633970 
7.844866 	 180.674630 	 15.196019 
7.912914 	 180.656401 	 14.071890 
7.983802 	 180.707863 	 14.234088 
8.047331 	 180.674630 	 15.417683 
8.116145 	 180.590268 	 12.715392 
8.184701 	 180.656401 	 13.967618 
8.248790 	 180.656401 	 14.784971 
8.315921 	 180.674630 	 14.675441 
8.384825 	 180.656401 	 14.089066 
8.448538 	 180.674630 	 14.965298 
8.514896 	 180.656401 	 14.571687 
8.583019 	 180.674372 	 14.320200 
8.648032 	 180.656401 	 14.385661 
8.716324 	 180.656401 	 13.875037 
8.784377 	 180.707863 	 14.827061 
8.847586 	 180.583316 	 13.992928 
8.915973 	 180.667272 	 14.161098 
8.984189 	 180.656401 	 13.890495 
9.048921 	 180.674630 	 15.074353 
9.116544 	 180.656401 	 14.059920 
9.185006 	 180.661867 	 13.740776 
9.245863 	 180.662117 	 15.828582 
9.312853 	 180.707863 	 15.202418 
9.381083 	 180.641994 	 13.823201 
9.444993 	 180.629441 	 14.404538 
9.512956 	 180.656401 	 13.942204 
9.580827 	 180.707863 	 15.005083 
9.644954 	 180.694229 	 15.366102 
9.712864 	 180.674372 	 14.365116 
9.781287 	 180.615383 	 13.395291 
9.844791 	 180.694229 	 17.280754 
9.912889 	 180.629441 	 13.665658 
9.981088 	 180.674630 	 15.113037 
10.045248 	 180.656401 	 14.768610 
10.112818 	 180.681732 	 14.398180 
10.181077 	 180.656401 	 14.082260 
10.246031 	 180.674630 	 14.868722 
10.312869 	 180.629441 	 13.978291 
10.381188 	 180.656401 	 15.759950 
10.446616 	 180.629441 	 14.119551 
10.514295 	 180.583316 	 12.920832 
10.580862 	 180.656401 	 16.045698 
10.644824 	 180.656401 	 14.970826 
10.712860 	 180.707863 	 15.025207 
10.776963 	 180.615383 	 14.298020 
10.844910 	 180.656401 	 14.092808 
10.912838 	 180.674630 	 14.503253 
10.977009 	 180.667272 	 16.814215 
11.045173 	 180.674630 	 14.969471 
11.112920 	 180.662117 	 13.946699 
11.176796 	 180.674630 	 15.423273 
11.245907 	 180.656401 	 13.991231 
11.312886 	 180.724211 	 14.937772 
11.376943 	 180.674630 	 15.076931 
11.444807 	 180.656401 	 14.110044 
11.512943 	 180.645188 	 13.789495 
11.576880 	 180.656401 	 14.820120 
11.644959 	 180.613054 	 13.482777 
11.712771 	 180.662117 	 15.709388 
11.776924 	 180.629441 	 16.156439 
11.844917 	 180.674630 	 14.351374 
11.912924 	 180.656401 	 14.384622 
11.976776 	 180.707863 	 16.500846 
12.045201 	 180.628246 	 13.483654 
12.112955 	 180.725229 	 15.048588 
12.176903 	 180.656401 	 14.974104 
12.245691 	 180.656401 	 13.920509 
12.312843 	 180.725229 	 15.592730 
12.376949 	 180.656401 	 14.979082 
12.444973 	 180.641994 	 14.169234 
12.512804 	 180.674372 	 14.381846 
12.576859 	 180.674630 	 15.077402 
12.644996 	 180.656401 	 14.042532 
12.712846 	 180.656401 	 14.251260 
12.776796 	 180.647559 	 14.678843 
12.844926 	 180.674630 	 14.175591 
12.912981 	 180.656401 	 13.923356 
12.976985 	 180.696366 	 15.732032 
13.045054 	 180.656401 	 14.205409 
13.112914 	 180.656401 	 14.099853 
13.176969 	 180.641994 	 14.567903 
13.245771 	 180.656401 	 14.054068 
13.312705 	 180.674630 	 14.718633 
13.376957 	 180.656401 	 15.049306 
13.444925 	 180.647559 	 14.096428 
13.512910 	 180.674630 	 14.342061 
13.576784 	 180.674630 	 15.349454 
13.644947 	 180.674630 	 13.659449 
13.712900 	 180.674372 	 16.609598 
13.776947 	 180.661867 	 14.880010 
13.844751 	 180.656401 	 14.260929 
13.912883 	 180.694229 	 14.747490 
13.976946 	 180.656401 	 14.935548 
14.045184 	 180.656401 	 14.170228 
14.112760 	 180.707863 	 15.070587 
14.176902 	 180.641994 	 14.372813 
14.245970 	 180.656401 	 13.853246 
14.308838 	 180.656401 	 15.231342 
14.376783 	 180.615383 	 13.342203 
14.444971 	 180.656401 	 15.790227 
14.508967 	 180.674372 	 15.231999 
14.576888 	 180.656401 	 13.950825 
14.644858 	 180.656401 	 14.226100 
14.708774 	 180.628246 	 14.442737 
14.776960 	 180.656401 	 14.697299 
14.844936 	 180.674630 	 14.354964 
14.908763 	 180.629441 	 14.423269 
14.976950 	 180.656401 	 14.032235 
15.045186 	 180.674630 	 14.153570 
15.108917 	 180.725229 	 16.105067 
15.176810 	 180.674630 	 15.029222 
15.245868 	 180.610227 	 13.052507 
15.308773 	 180.674630 	 15.174263 
15.376926 	 180.610227 	 14.026910 
15.444725 	 180.674630 	 14.530849 
15.508852 	 180.696366 	 15.701857 
15.576826 	 180.667272 	 14.385191 
15.644981 	 180.656401 	 13.902927 
15.708749 	 180.743497 	 16.370468 
15.776924 	 180.656401 	 12.414492 
15.844846 	 180.583316 	 12.874606 
15.908910 	 180.674630 	 16.088505 
15.976787 	 180.656401 	 14.007307 
16.045146 	 180.656401 	 13.696924 
16.108870 	 180.674630 	 15.312802 
16.176901 	 180.681732 	 14.119828 
16.245722 	 180.583751 	 12.712748 
16.308850 	 180.656401 	 15.168610 
16.376886 	 180.656401 	 13.761950 
16.444909 	 180.656401 	 13.929906 
16.508760 	 180.629441 	 14.721586 
16.576852 	 180.641994 	 13.851216 
16.645020 	 180.596096 	 12.850648 
16.708868 	 180.656401 	 15.018106 
16.776776 	 180.656401 	 13.953496 
16.844903 	 180.656401 	 15.306692 
16.908919 	 180.725229 	 17.894464 
16.976905 	 180.656401 	 14.073721 
17.044906 	 180.658305 	 15.732180 
17.108888 	 180.656401 	 14.860023 
17.176887 	 180.656401 	 13.982176 
17.245732 	 180.583751 	 12.708316 
17.308694 	 180.674630 	 15.498126 
17.376864 	 180.674630 	 14.214508 
17.444904 	 180.608826 	 13.512243 
17.508850 	 180.656401 	 14.962875 
17.576725 	 180.656401 	 14.096737 
17.645018 	 180.656401 	 13.751497 
17.708840 	 180.709838 	 15.987982 
17.776898 	 180.656401 	 15.028285 
17.844607 	 180.615383 	 13.536546 
17.908892 	 180.694229 	 15.328335 
17.976949 	 180.656401 	 14.070030 
18.040924 	 180.641994 	 16.467261 
18.108681 	 180.628246 	 13.736160 
18.176900 	 180.613054 	 15.021724 
18.241274 	 180.628246 	 14.282148 
18.308776 	 180.619044 	 13.938817 
18.376683 	 180.656401 	 14.466020 
18.440989 	 180.656401 	 14.890741 
18.508898 	 180.690272 	 14.599464 
18.576842 	 180.596096 	 13.205861 
18.640786 	 180.656401 	 14.975041 
18.709327 	 180.656401 	 13.970674 
18.776885 	 180.629441 	 12.128808 
18.840818 	 180.656401 	 14.821047 
18.908669 	 180.674465 	 14.278905 
18.976878 	 180.656401 	 14.027709 
19.040986 	 180.674630 	 15.115165 
19.108836 	 180.656401 	 14.770081 
19.176737 	 180.656401 	 13.773803 
19.241074 	 180.610227 	 13.835491 
19.308748 	 180.656192 	 13.998655 
19.376895 	 180.619607 	 13.184161 
19.440780 	 180.674630 	 15.262503 
19.508849 	 180.674630 	 14.354625 
19.576882 	 180.629441 	 13.407773 
19.640999 	 180.707863 	 15.631361 
19.708676 	 180.674630 	 14.557043 
19.776901 	 180.674630 	 14.155852 
19.840776 	 180.636270 	 14.664344 
19.908827 	 180.656401 	 13.924175 
19.976734 	 180.656401 	 13.788093 
20.040935 	 180.656401 	 14.759178 
20.108865 	 180.656401 	 14.752687 
20.176893 	 180.634247 	 13.479406 
20.241148 	 180.674630 	 14.855451 
20.308766 	 180.674630 	 14.330548 
20.376834 	 180.674630 	 14.473424 
20.440967 	 180.656401 	 14.988243 
20.508760 	 180.656401 	 13.977166 
20.576870 	 180.681732 	 14.284026 
20.640896 	 180.656401 	 14.849811 
20.708879 	 180.646047 	 13.987129 
20.776755 	 180.656401 	 15.634643 
20.840826 	 180.674630 	 15.187230 
20.908829 	 180.656401 	 12.714924 
20.976873 	 180.707863 	 13.463568 
21.040737 	 180.656401 	 15.051375 
21.108821 	 180.725229 	 16.484402 
21.176867 	 180.707863 	 15.001470 
21.241143 	 180.674630 	 13.641312 
21.308660 	 180.656401 	 14.142098 
21.376811 	 180.674630 	 14.318102 
21.440988 	 180.656401 	 13.472942 
21.508834 	 180.656401 	 12.496050 
21.572858 	 180.674630 	 15.298482 
21.640903 	 180.610227 	 13.447968 
21.708867 	 180.656401 	 15.500795 
21.772936 	 180.656401 	 13.495653 
21.840696 	 180.707863 	 14.945440 
21.908822 	 180.674630 	 15.844846 
21.972941 	 180.674630 	 16.714624 
22.040849 	 180.656401 	 14.060670 
22.108704 	 180.656401 	 14.226822 
22.172901 	 180.674630 	 15.157422 
22.241202 	 175.578293 	 -60.275355 
22.308768 	 269.796349 	 1284.017272 
22.372629 	 269.796349 	 -4.285808 
22.440798 	 269.796349 	 -3.139316 
22.508894 	 269.796349 	 -3.142681 
22.572992 	 269.860580 	 -2.624434 
22.640833 	 269.860580 	 -2.479636 
22.708813 	 269.796349 	 -3.419417 
22.773139 	 269.856110 	 -2.684622 
22.840785 	 269.860580 	 -2.193773 
22.908678 	 269.860580 	 -1.913511 
22.972884 	 269.796349 	 -3.171838 
23.040876 	 269.796349 	 -3.147488 
23.108838 	 269.791435 	 -3.221182 
23.172724 	 269.805138 	 -3.212206 
23.241060 	 269.796349 	 -3.131644 
23.308733 	 269.796349 	 -3.162325 
23.373129 	 269.860580 	 -2.325812 
23.440836 	 269.796349 	 -3.160737 
23.508799 	 269.793686 	 -3.459456 
23.573062 	 269.796349 	 -3.617198 
23.640895 	 269.798668 	 -3.120679 
23.708691 	 269.805138 	 -3.026948 
23.772940 	 269.796349 	 -3.309483 
23.840777 	 269.860580 	 -2.479782 
23.908885 	 269.796349 	 -3.412991 
23.972759 	 269.796349 	 -3.639227 
24.040825 	 269.860580 	 -2.471439 
24.108794 	 269.796349 	 -3.148553 
24.172841 	 269.811981 	 -3.075851 
24.240996 	 269.756577 	 -3.516646 
24.308752 	 269.860580 	 -2.359894 
24.373073 	 269.811981 	 -3.062748 
24.440850 	 269.860580 	 -3.278265 
24.508692 	 269.756577 	 -3.720453 
24.572802 	 269.756577 	 -3.937030 
24.640878 	 269.811981 	 -2.893810 
24.708823 	 269.756577 	 -3.884024 
24.772748 	 269.860580 	 -2.321470 
24.840802 	 269.860580 	 -2.180621 
24.908790 	 269.860580 	 -2.182738 
24.972853 	 269.811981 	 -3.384481 
25.040729 	 269.860580 	 -3.369262 
25.104885 	 269.860580 	 -2.622062 
25.172879 	 269.860580 	 -2.182546 
25.241053 	 269.811981 	 -3.972042 
25.304663 	 269.860580 	 -3.272331 
25.372836 	 269.756577 	 -3.702390 
25.440847 	 269.860580 	 -2.473438 
25.505011 	 269.860580 	 -2.334222 
25.572713 	 269.860580 	 -2.484727 
25.640910 	 269.860580 	 -2.176049 
25.705104 	 269.811981 	 -3.068807 
25.773018 	 269.860580 	 -3.064950 
25.840694 	 269.756577 	 -3.899462 
25.905026 	 269.796349 	 -4.553302 
25.973101 	 269.860580 	 -2.179949 
26.040816 	 269.756577 	 -3.727431 
26.104698 	 269.860580 	 -2.323033 
26.172840 	 269.860580 	 -4.134249 
26.241150 	 269.860580 	 -2.462612 
26.304779 	 269.860580 	 -3.166198 
26.372608 	 269.811981 	 -3.196568 
26.440857 	 269.704361 	 -4.463347 
26.504919 	 269.704361 	 -6.008414 
26.572844 	 269.811981 	 -3.779934 
26.640706 	 269.704361 	 -5.369308 
26.704832 	 269.756577 	 -5.701510 
26.772943 	 269.860580 	 -2.957848 
26.840780 	 269.704361 	 -6.363474 
26.904903 	 269.756577 	 -4.940193 
26.973040 	 269.756577 	 -3.876778 
27.040837 	 269.756577 	 -4.604275 
27.104855 	 269.704361 	 -5.763941 
27.172669 	 269.860580 	 -2.361592 
27.241112 	 269.860580 	 -3.258741 
27.304775 	 269.704361 	 -5.796082 
27.372772 	 269.756577 	 -4.658735 
27.440716 	 269.704361 	 -5.430884 
27.505089 	 269.756577 	 -3.902211 
27.573009 	 269.811981 	 -4.771187 
27.640844 	 269.756577 	 -5.401916 
27.704721 	 269.756577 	 -5.723735 
27.772890 	 269.756577 	 -4.600200 
27.840747 	 269.811981 	 -4.379843 
27.904874 	 269.756577 	 -5.917367 
27.972748 	 269.811981 	 -6.408448 
28.040813 	 269.756577 	 -4.586146 
28.104881 	 269.704361 	 -6.521680 
28.172976 	 269.704361 	 -6.339364 
28.240950 	 269.704361 	 -6.146924 
28.304781 	 269.704361 	 -6.762843 
28.372760 	 269.811981 	 -4.563336 
28.440818 	 269.704361 	 -5.383335 
28.504771 	 269.756577 	 -5.729817 
28.572747 	 269.704361 	 -6.350462 
28.640847 	 269.704361 	 -6.147651 
28.704901 	 269.756577 	 -5.707918 
28.772741 	 269.756577 	 -4.820769 
28.836891 	 269.704361 	 -6.513344 
28.904820 	 269.811981 	 -4.770555 
28.972862 	 269.756577 	 -5.690030 
29.036935 	 269.704361 	 -6.032853 
29.104839 	 269.811981 	 -4.107608 
29.172861 	 269.704361 	 -6.154700 
29.236991 	 269.756577 	 -5.099657 
29.304615 	 269.756577 	 -4.836168 
29.372904 	 269.704361 	 -5.660399 
29.436894 	 269.704361 	 -6.746038 
29.505019 	 269.704361 	 -6.133299 
29.572679 	 269.756577 	 -4.444679 
29.636938 	 269.704361 	 -5.902006 
29.704850 	 269.704361 	 -5.394908 
29.772870 	 269.756577 	 -4.618686 
29.836823 	 269.756577 	 -5.113771 
29.905048 	 269.704361 	 -5.370158 
29.973126 	 269.704361 	 -6.340947 
30.037153 	 269.704361 	 -6.037187 
30.104823 	 269.704361 	 -5.414201 
30.173045 	 269.756577 	 -4.900575 
30.237123 	 269.704361 	 -5.918677 
30.304898 	 269.704361 	 -6.482877 
30.372810 	 269.704361 	 -7.225748 
30.436877 	 269.704361 	 -6.033418 
30.504837 	 269.704361 	 -5.687802 
30.572803 	 269.756577 	 -4.919033 
30.636788 	 269.704361 	 -5.726014 
30.704780 	 269.704361 	 -5.577965 
30.772926 	 269.704361 	 -5.522041 
30.836895 	 269.766945 	 -4.865028 
30.904680 	 269.704361 	 -5.514421 
30.972829 	 269.704361 	 -6.257759 
31.036953 	 269.704361 	 -7.598107 
31.104974 	 269.704361 	 -5.277017 
31.172872 	 269.811981 	 -4.886109 
31.237164 	 269.704361 	 -6.046958 
31.305037 	 269.704361 	 -5.398008 
31.372897 	 269.704361 	 -5.405673 
31.436957 	 269.704361 	 -5.719310 
31.505195 	 269.704361 	 -5.477813 
31.572983 	 269.704361 	 -7.187423 
31.637154 	 269.704361 	 -6.645681 
31.704900 	 112.919716 	 -2319.818735 
31.773040 	 0.693814 	 -3.180452 
31.836971 	 0.693814 	 -5617.224023 
31.905118 	 0.693814 	 -5269.549973 
31.972937 	 0.792990 	 -5293.635604 
32.037142 	 0.792990 	 -5591.540316 
32.105024 	 0.693814 	 -5290.121417 
32.173001 	 0.693814 	 -5282.886109 
32.236898 	 0.792990 	 -5618.660860 
32.304760 	 0.792990 	 -5290.219062 
32.368908 	 0.693814 	 -5596.637152 
32.436932 	 0.792990 	 -5277.620340 
32.504711 	 0.693814 	 -5298.318786 
32.568866 	 0.693814 	 -5597.680695 
32.637059 	 0.693814 	 -5265.995366 
32.705011 	 0.693814 	 -5284.671857 
32.769075 	 0.792990 	 -5603.846872 
32.836882 	 0.693814 	 -5294.307254 
32.904854 	 0.693814 	 -5283.116901 
32.968955 	 0.693814 	 -5602.326781 
33.036788 	 0.693814 	 -5294.100939 
33.104824 	 0.693814 	 -5278.304853 
33.168948 	 0.792990 	 -5598.603425 
33.236942 	 0.693814 	 -5281.565270 
33.304590 	 0.693814 	 -5308.578953 
33.368902 	 0.792990 	 -5582.237312 
33.436890 	 0.693814 	 -5281.873595 
33.504993 	 0.693814 	 -5273.112036 
33.568707 	 0.792990 	 -5634.630474 
33.636900 	 0.693814 	 -5264.661769 
33.704815 	 0.792990 	 -5286.090643 
33.769048 	 0.792990 	 -5589.102891 
33.836710 	 0.693814 	 -5307.480550 
33.904799 	 0.792990 	 -5272.582150 
33.968907 	 0.693814 	 -5601.715059 
34.036883 	 0.792990 	 -5281.347034 
34.104671 	 0.693814 	 -5297.457102 
34.168907 	 0.792990 	 -5589.078227 
34.236891 	 0.792990 	 -5280.725553 
34.304698 	 0.693814 	 -5296.130916 
34.368706 	 0.792990 	 -5607.328834 
34.436932 	 0.693814 	 -5263.605502 
34.505064 	 0.693814 	 -5270.710122 
34.569068 	 0.693814 	 -5610.649678 
34.636948 	 0.792990 	 -5288.816235 
34.705002 	 0.792990 	 -5275.451450 
34.769241 	 0.792990 	 -5588.580862 
34.837028 	 0.792990 	 -5296.072197 
34.904721 	 0.792990 	 -5303.584905 
34.968882 	 0.693814 	 -5596.920590 
35.037014 	 0.792990 	 -5269.254477 
35.104880 	 0.792990 	 -5289.907258 
35.168842 	 0.693814 	 -5614.333854 
35.236824 	 0.693814 	 -5281.156453 
35.304770 	 0.693814 	 -5285.296397 
35.368888 	 0.792990 	 -5599.127328 
35.436750 	 0.792990 	 -5290.219062 
35.504814 	 0.792990 	 -5274.580880 
35.568862 	 0.792990 	 -5605.246784 
35.636893 	 0.792990 	 -5277.077303 
35.704749 	 0.693814 	 -5292.306487 
35.769384 	 0.792990 	 -5553.096650 
35.836995 	 0.693814 	 -5311.325406 
35.905056 	 0.693814 	 -5276.208431 
35.968766 	 0.792990 	 -5634.984241 
36.036867 	 0.693814 	 -5273.266898 
36.100867 	 0.693814 	 -5611.000344 
36.168968 	 0.792990 	 -5271.653074 
36.236657 	 0.792990 	 -5303.898314 
36.301076 	 0.693814 	 -5574.504758 
36.368757 	 0.792990 	 -5302.914171 
36.436897 	 0.792990 	 -5268.635838 
36.500751 	 0.792990 	 -5622.276537 
36.568707 	 0.693814 	 -5284.360792 
36.636873 	 0.693814 	 -5268.081184 
36.700873 	 0.693814 	 -5611.066391 
36.768827 	 0.693814 	 -5284.674177 
36.837082 	 0.693814 	 -5261.211955 
36.900947 	 0.693814 	 -5624.712957 
36.969152 	 0.693814 	 -5263.627447 
37.036748 	 0.693814 	 -5312.662717 
37.100873 	 0.792990 	 -5598.582035 
37.168955 	 0.792990 	 -5273.124262 
37.236775 	 0.693814 	 -5295.019891 
37.300939 	 0.693814 	 -5596.826086 
37.368843 	 0.693814 	 -5288.407487 
37.436898 	 0.792990 	 -5273.946146 
37.500915 	 0.693814 	 -5607.974600 
37.568680 	 0.693814 	 -5299.255102 
37.636847 	 0.693814 	 -5268.003902 
37.700877 	 0.693814 	 -5608.371420 
37.769080 	 0.792990 	 -5262.236837 
37.836631 	 0.792990 	 -5314.637429 
37.900832 	 0.693814 	 -5593.433467 
37.969034 	 0.792990 	 -5263.846309 
38.037116 	 0.693814 	 -5274.580976 
38.100699 	 0.693814 	 -5647.799286 
38.168820 	 0.792990 	 -5268.816253 
38.236866 	 0.693814 	 -5277.371513 
38.301114 	 0.693814 	 -5589.341645 
38.368642 	 0.693814 	 -5318.012513 
38.436887 	 0.693814 	 -5261.982885 
38.500906 	 0.792990 	 -5607.785907 
38.568976 	 0.792990 	 -5272.518569 
38.636915 	 0.693814 	 -5285.745286 
38.700999 	 0.792990 	 -5602.097965 
38.768907 	 0.792990 	 -5286.635536 
38.836815 	 0.693814 	 -5288.095983 
38.900600 	 0.693814 	 -5629.913334 
38.968890 	 0.792990 	 -5257.063201 
39.036852 	 0.693814 	 -5283.894264 
39.100876 	 0.693814 	 -5609.134153 
39.168788 	 0.693814 	 -5286.445400 
39.237083 	 0.693814 	 -5258.130493 
39.301146 	 0.693814 	 -5605.482447 
39.368940 	 0.693814 	 -5296.988259 
39.436884 	 0.792990 	 -5283.834422 
39.501095 	 0.693814 	 -5592.562365 
39.568828 	 0.693814 	 -5301.758700 
39.632889 	 0.792990 	 -5602.640140 
39.700645 	 0.693814 	 -5300.117318 
39.769152 	 0.792990 	 -5240.472842 
39.832996 	 0.693814 	 -5624.776784 
39.900848 	 0.792990 	 -5291.061030 
39.968714 	 0.792990 	 -5290.065320 
40.032855 	 0.693814 	 -5598.665783 
40.100823 	 0.693814 	 -5283.490010 
40.168962 	 0.792990 	 -5268.775195 
40.232732 	 0.792990 	 -5628.043578 
40.301139 	 0.792990 	 -5248.071776 
40.368944 	 0.693814 	 -5294.854082 
40.432845 	 0.792990 	 -5618.141281 
40.500711 	 0.792990 	 -5289.907258 
40.568846 	 0.792990 	 -5269.084509 
40.632866 	 0.792990 	 -5607.698313 
40.700887 	 0.693814 	 -5279.202335 
40.769043 	 0.792990 	 -5267.461016 
40.833062 	 0.792990 	 -5607.785907 
40.900866 	 0.693814 	 -5296.207038 
40.968874 	 0.693814 	 -5280.320286 
41.032688 	 0.693814 	 -5627.421083 
41.100830 	 0.792990 	 -5268.543233 
41.168981 	 0.792990 	 -5267.785447 
41.232751 	 0.693814 	 -5629.811510 
41.300964 	 0.792990 	 -5261.465395 
41.368849 	 0.693814 	 -5290.045651 
41.432809 	 0.693814 	 -5612.743777 
41.501064 	 0.792990 	 -5259.758933 
41.568664 	 0.792990 	 -5309.532574 
41.632839 	 0.792990 	 -5592.622267 
41.700832 	 0.792990 	 -5280.026562 
41.769059 	 0.693814 	 -5263.528354 
41.832689 	 0.693814 	 -5641.985149 
41.900839 	 0.693814 	 -5269.475407 
41.968743 	 0.693814 	 -5286.959678 
42.032827 	 0.792990 	 -5602.097965 
42.100668 	 0.792990 	 -5291.856635 
42.168950 	 0.693814 	 -5259.131572 
42.232773 	 0.792990 	 -5621.673174 
42.300996 	 0.792990 	 -5262.226023 
42.368683 	 0.693814 	 -5305.361768 
42.432874 	 0.693814 	 -5594.304840 
42.500906 	 1.100534 	 -5272.479157 
42.568874 	 89.780884 	 -1321.979387 
42.632750 	 89.780884 	 -3.573549 
42.700938 	 89.780884 	 -1.393999 
42.769079 	 89.780884 	 -1.509062 
42.832865 	 89.780884 	 -5.495563 
42.900638 	 89.780884 	 -3.446077 
42.968901 	 89.780884 	 -3.142376 
43.032824 	 89.780884 	 -5.548832 
43.100815 	 89.780884 	 -3.154947 
43.168695 	 89.780884 	 -1.546671 
43.232749 	 89.780884 	 -5.025073 
43.301092 	 89.780884 	 -1.563657 
43.364810 	 89.780884 	 -1.491792 
43.432692 	 89.780884 	 -3.444580 
43.501022 	 89.780884 	 -5.190956 
43.564823 	 89.780884 	 -3.362142 
43.632855 	 89.780884 	 -3.436986 
43.700663 	 89.780884 	 -1.516473 
43.765136 	 89.780884 	 -3.540459 
43.833019 	 89.780884 	 -3.444530 
43.900821 	 89.780884 	 -3.390932 
43.964705 	 89.780884 	 -3.660150 
44.032756 	 89.780884 	 -1.511058 
44.100797 	 89.780884 	 -1.570597 
44.164944 	 89.780884 	 -3.645143 
44.232702 	 89.780884 	 -5.140751 
44.301094 	 89.780884 	 -1.535092 
44.364756 	 89.780884 	 -1.493104 
44.432774 	 89.780884 	 -3.437693 
44.500733 	 89.780884 	 -3.358849 
44.564752 	 89.780884 	 -1.484778 
44.632884 	 89.780884 	 -3.374508 
44.700820 	 89.780884 	 -3.441842 
44.764948 	 89.780884 	 -3.559506 
44.832897 	 89.780884 	 -1.513326 
44.900804 	 89.780884 	 -1.399767 
44.964824 	 89.780884 	 -3.509731 
45.032696 	 89.780884 	 -3.310540 
45.100896 	 89.780884 	 -6.371100 
45.164956 	 89.780884 	 -5.536965 
45.232740 	 89.780884 	 -3.288726 
45.300856 	 89.780884 	 -1.448911 
45.364757 	 89.780884 	 -4.761788 
45.432826 	 89.780884 	 -1.606150 
45.501050 	 89.685410 	 -4.159577 
45.564565 	 89.780884 	 -3.509769 
45.632818 	 89.780884 	 -3.285350 
45.700820 	 89.780884 	 -6.404356 
45.765056 	 89.780884 	 -1.634411 
45.832854 	 89.780884 	 -2.789315 
45.900856 	 89.780884 	 -5.225523 
45.964816 	 89.780884 	 -1.670810 
46.032800 	 89.780884 	 -3.351656 
46.100607 	 89.780884 	 -3.433657 
46.164980 	 89.780884 	 -3.539667 
46.232782 	 89.780884 	 -3.163741 
46.301030 	 89.780884 	 -4.453566 
46.364632 	 89.780884 	 -3.504968 
46.432810 	 89.780884 	 -3.314266 
46.500837 	 89.780884 	 -3.422553 
46.564818 	 89.780884 	 -3.561354 
46.632720 	 89.780884 	 -3.355704 
46.700895 	 89.780884 	 -3.269864 
46.765153 	 89.780884 	 -3.469187 
46.832865 	 89.780884 	 -1.518623 
46.896694 	 89.780884 	 -1.546225 
46.964837 	 89.780884 	 -3.297375 
47.032792 	 89.780884 	 -4.477713 
47.096747 	 89.780884 	 -3.562802 
47.164764 	 89.780884 	 -3.350030 
47.232744 	 89.780884 	 -3.305281 
47.296755 	 89.780884 	 -3.652888 
47.364792 	 89.780884 	 -3.302512 
47.432669 	 89.780884 	 -1.574392 
47.496798 	 89.780884 	 -2.936409 
47.564802 	 89.780884 	 -3.350671 
47.632811 	 89.780884 	 -3.303872 
47.696625 	 89.780884 	 -3.570674 
47.765185 	 89.780884 	 -3.323498 
47.832872 	 89.780884 	 -3.169117 
47.896782 	 89.780884 	 -1.672117 
47.964648 	 89.780884 	 -1.610954 
48.032818 	 89.780884 	 -3.270104 
48.096781 	 89.780884 	 -4.992511 
48.164869 	 89.780884 	 -2.765671 
48.232667 	 89.780884 	 -3.288047 
48.296896 	 89.780884 	 -3.716405 
48.364757 	 89.780884 	 -1.515289 
48.432773 	 89.780884 	 -1.545151 
48.496675 	 89.780884 	 -1.609167 
48.564703 	 89.780884 	 -1.570897 
48.632800 	 89.780884 	 -3.273610 
48.696776 	 89.780884 	 -3.512145 
48.764881 	 89.780884 	 -1.605301 
48.832856 	 89.780884 	 -3.305524 
48.896750 	 89.780884 	 -3.572542 
48.964798 	 89.780884 	 -3.348504 
49.032650 	 89.780884 	 -3.311516 
49.096735 	 89.780884 	 -1.667551 
49.164905 	 89.780884 	 -3.270104 
49.232716 	 89.780884 	 -1.783840 
49.296533 	 89.780884 	 -3.570506 
49.364757 	 89.780884 	 -3.312031 
49.432815 	 89.780884 	 -5.257883 
49.496762 	 89.780884 	 -1.608035 
49.564616 	 89.780884 	 -3.311419 
49.632793 	 89.780884 	 -3.314314 
49.696804 	 89.780884 	 -3.652888 
49.765143 	 89.780884 	 -3.262017 
49.832704 	 89.780884 	 -3.325780 
49.896794 	 89.780884 	 -1.705867 
49.964839 	 89.780884 	 -1.570505 
50.032802 	 89.780884 	 -3.280064 
50.096576 	 89.780884 	 -1.612397 
50.164946 	 89.780884 	 -3.286427 
50.232816 	 89.780884 	 -3.329306 
50.296833 	 89.780884 	 -3.350797 
50.364585 	 89.780884 	 -5.281630 
50.432753 	 89.780884 	 -4.458793 
50.496834 	 89.780884 	 -1.640034 
50.564756 	 89.780884 	 -3.442552 
50.628689 	 89.780884 	 -1.524017 
50.696772 	 89.780884 	 -5.209788 
50.765137 	 89.780884 	 -3.260777 
50.829037 	 89.780884 	 -1.609218 
50.896671 	 89.780884 	 -1.553878 
50.964832 	 89.780884 	 -1.508619 
51.028827 	 89.780884 	 -1.606829 
51.096756 	 89.780884 	 -1.452899 
51.164716 	 89.780884 	 -3.440627 
51.228830 	 89.780884 	 -3.560283 
51.296863 	 89.780884 	 -3.436935 
51.364736 	 89.780884 	 -4.517746 
51.428668 	 89.780884 	 -3.486877 
51.496787 	 89.780884 	 -3.432596 
51.564747 	 89.780884 	 -3.280209 
51.628901 	 89.780884 	 -3.644745 
51.696603 	 89.780884 	 -1.404006 
51.765133 	 89.780884 	 -3.434510 
51.829036 	 89.780884 	 -1.609142 
51.896791 	 89.780884 	 -3.451037 
51.964642 	 89.780884 	 -5.133705 
52.028754 	 89.780884 	 -1.666849 
52.096743 	 89.780884 	 -4.682287 
52.164886 	 89.780884 	 -3.343836 
52.228646 	 89.780884 	 -3.496283 
52.296877 	 89.780884 	 -3.339523 
52.364746 	 89.780884 	 -1.574577 
52.428762 	 89.780884 	 -3.482301 
52.496604 	 89.780884 	 -1.547537 
52.564719 	 89.780884 	 -3.345210 
52.628838 	 89.780884 	 -1.603721 
52.696749 	 89.780884 	 -1.514173 
52.764900 	 89.780884 	 -1.448167 
52.829091 	 89.780884 	 -1.840461 
52.896821 	 89.780884 	 -1.518219 
52.964791 	 89.780884 	 -3.434736 
53.028631 	 89.780884 	 -3.739051 
53.096694 	 89.780884 	 -3.507060 
53.164869 	 89.780884 	 -5.238460 
53.228666 	 89.780884 	 -1.713701 
53.296599 	 89.780884 	 -3.281513 
53.364711 	 89.780884 	 -3.317477 
53.428802 	 89.780884 	 -3.644053 
53.496777 	 89.780884 	 -1.512747 
53.564615 	 89.780884 	 -3.286108 
53.628828 	 89.780884 	 -1.636662 
53.696747 	 89.780884 	 -3.354864 
53.765077 	 89.780884 	 -1.504888 
53.828818 	 89.780884 	 -3.497325 
53.896769 	 89.780884 	 -1.608939 
53.964788 	 89.780884 	 -5.260898 
54.028811 	 89.780884 	 -1.606126 
54.096536 	 89.780884 	 -1.438686 
54.160798 	 89.780884 	 -3.491535 
54.228763 	 89.780884 	 -1.572353 
54.296902 	 89.780884 	 -3.271592 
54.360596 	 89.780884 	 -3.499906 
54.428788 	 89.780884 	 -3.313585 
54.496829 	 89.780884 	 -3.276304 
54.560739 	 89.780884 	 -1.642748 
54.628660 	 89.780884 	 -3.158198 
54.696731 	 89.780884 	 -3.420341 
54.760844 	 89.780884 	 -3.671128 
54.829000 	 89.780884 	 -3.502274 
54.896613 	 89.780884 	 -1.520847 
54.960800 	 89.780884 	 -1.664901 
55.028777 	 89.780884 	 -1.608323 
55.096708 	 89.780884 	 -5.221445 
55.160662 	 89.780884 	 -3.732386 
55.228682 	 89.780884 	 -5.120950 
55.296693 	 89.780884 	 -3.423358 
55.360793 	 89.780884 	 -3.561061 
55.428614 	 89.780884 	 -1.516182 
55.496761 	 89.780884 	 -1.508929 
55.560791 	 89.780884 	 -1.541371 
55.628760 	 89.780884 	 -3.358355 
55.696613 	 89.780884 	 -3.364096 
55.760849 	 89.780884 	 -3.664098 
55.828985 	 89.780884 	 -2.621507 
55.896785 	 89.780884 	 -1.263805 
55.960640 	 89.780884 	 -1.610352 
56.028770 	 89.780884 	 -3.350418 
56.096716 	 89.780884 	 -3.441336 
56.160790 	 89.780884 	 -3.588226 
56.228619 	 89.780884 	 -3.365286 
56.296903 	 89.780884 	 -3.366997 
56.360733 	 89.780884 	 -1.489174 
56.428781 	 89.780884 	 -1.396867 
56.496634 	 89.780884 	 -1.400881 
56.560768 	 89.780884 	 -3.645882 
56.628802 	 89.780884 	 -3.355146 
56.696711 	 89.780884 	 -1.399726 
56.760681 	 89.780884 	 -1.607457 
56.829046 	 89.780884 	 -3.420244 
56.896746 	 89.780884 	 -3.249424 
56.960830 	 89.780884 	 -4.842831 
57.028599 	 88.347504 	 -24.519234 
57.096681 	 77.620811 	 -203.168694 
57.160824 	 65.899231 	 -566.618758 
57.228712 	 54.131706 	 -888.078467 
57.296511 	 41.746689 	 -1244.411304 
57.360744 	 30.516808 	 -1683.587611 
57.428761 	 18.370766 	 -1937.479777 
57.496755 	 6.259685 	 -2292.289879 
57.560598 	 354.053452 	 2820.842771 
57.628789 	 85.753471 	 -1472.314836 
57.696775 	 74.877129 	 -278.093931 
57.760818 	 63.323341 	 -655.864310 
57.828786 	 51.466469 	 -962.821107 
57.892731 	 39.227962 	 -1401.760794 
57.960826 	 27.381353 	 -1671.680211 
58.028756 	 154.604828 	 23.572840 
58.092540 	 89.780884 	 -4093.620626 
58.160793 	 89.780884 	 -3.344380 
58.228752 	 89.780884 	 -3.463368 
58.292614 	 89.685410 	 -6.366258 
58.360583 	 89.780884 	 -3.236564 
58.428739 	 89.685410 	 -5.965168 
58.492785 	 89.780884 	 -3.564063 
58.560683 	 89.780884 	 -1.981678 
58.628608 	 89.780884 	 -3.360530 
58.692731 	 89.780884 	 -2.999969 
58.760867 	 89.780884 	 -3.474067 
58.829027 	 89.780884 	 -3.198724 
58.892613 	 89.780884 	 -3.615764 
58.960801 	 89.780884 	 -4.634041 
59.028799 	 89.780884 	 -4.564075 
59.092630 	 89.780884 	 -3.576068 
59.160596 	 89.685410 	 -4.763235 
59.228659 	 89.780884 	 -4.570589 
59.292712 	 89.780884 	 -3.695518 
59.360688 	 89.780884 	 -3.382253 
59.428610 	 89.780884 	 -4.569182 
59.492732 	 89.780884 	 -3.585540 
59.560785 	 89.780884 	 -3.354209 
59.628767 	 89.780884 	 -2.451590 
59.692605 	 89.780884 	 -3.662787 
59.760827 	 89.780884 	 -3.370057 
59.828901 	 89.780884 	 -3.353174 
59.892741 	 89.780884 	 -3.601378 
59.960608 	 89.780884 	 -3.363402 
60.028749 	 89.780884 	 -3.349877 
60.092684 	 89.780884 	 -3.596027 
60.160824 	 89.780884 	 -3.228441 
60.228622 	 89.780884 	 -4.588454 
60.292625 	 89.685410 	 -5.145056 
60.360690 	 89.780884 	 -3.377830 
60.428755 	 89.780884 	 -3.457974 
60.492583 	 89.780884 	 -3.415821 
60.560848 	 89.780884 	 -3.425255 
60.628753 	 89.780884 	 -2.625477 
60.692762 	 89.780884 	 -2.785280 
60.760677 	 89.780884 	 -3.361025 
60.828958 	 89.780884 	 -3.343009 
60.892706 	 89.780884 	 -3.713199 
60.960760 	 89.780884 	 -3.354160 
61.028576 	 89.780884 	 -3.470671 
61.092662 	 89.780884 	 -3.648613 
61.160766 	 89.780884 	 -3.455994 
61.228599 	 89.780884 	 -3.489585 
61.292401 	 89.780884 	 -1.527146 
61.360630 	 89.780884 	 -4.559469 
61.424680 	 89.780884 	 -4.845402 
61.492723 	 89.780884 	 -4.571932 
61.560590 	 89.780884 	 -3.363402 
61.624716 	 89.780884 	 -4.851199 
61.692764 	 89.780884 	 -3.378674 
61.760850 	 89.780884 	 -3.456907 
61.824486 	 89.685410 	 -5.198960 
61.892726 	 89.780884 	 -3.345018 
61.960742 	 89.780884 	 -3.356034 
62.024708 	 89.780884 	 -4.863334 
62.092492 	 89.780884 	 -3.391833 
62.160750 	 89.685410 	 -4.767002 
62.224813 	 89.780884 	 -3.563118 
62.292605 	 88.896393 	 -14.840925 
62.360563 	 79.587173 	 -165.517835 
62.424720 	 67.949379 	 -510.367209 
62.492750 	 56.281452 	 -826.662061 
62.560709 	 44.181812 	 -1179.318383 
62.624627 	 32.095222 	 -1634.371179 
62.692784 	 20.391882 	 -1874.483164 
62.760795 	 8.035914 	 -2235.207952 
62.824685 	 355.234070 	 2867.100673 
62.892576 	 344.095367 	 2347.293898 
62.960778 	 331.859192 	 1987.836471 
63.024782 	 319.969177 	 1749.130929 
63.092672 	 307.431519 	 1286.635248 
63.160596 	 295.498329 	 931.311245 
63.224718 	 283.529053 	 612.018870 
63.292753 	 271.794083 	 228.214390 
63.360720 	 259.812256 	 -121.009990 
63.424537 	 79.933296 	 -3143.699688 
63.492614 	 79.835182 	 -301.854474 
63.560837 	 67.979889 	 -476.810929 
63.624715 	 56.078987 	 -876.656580 
63.692650 	 44.195946 	 -1176.686671 
63.760808 	 32.257309 	 -1530.386822 
63.824681 	 20.352486 	 -2002.922048 
63.892673 	 8.266331 	 -2231.079436 
63.960590 	 355.579514 	 2703.919799 
64.024799 	 344.041779 	 2486.132349 
64.092668 	 332.084305 	 2005.449646 
64.160743 	 319.969528 	 1644.690709 
64.224725 	 307.438377 	 1366.805695 
64.292589 	 116.264870 	 -1705.545945 
64.360682 	 89.780884 	 387.307594 
64.424703 	 89.780884 	 -3.591197 
64.492578 	 89.780884 	 -3.467654 
64.560753 	 89.780884 	 -3.257338 
64.624728 	 89.780884 	 -3.593779 
64.692822 	 89.685410 	 -4.778483 
64.760685 	 89.780884 	 -3.212723 
64.824555 	 89.780884 	 -3.685095 
64.892692 	 89.780884 	 -4.565625 
64.960708 	 89.685410 	 -4.759733 
65.024566 	 89.780884 	 -3.574556 
65.092647 	 89.685410 	 -4.779395 
65.156712 	 89.780884 	 -3.588730 
65.224650 	 89.780884 	 -4.578998 
65.292575 	 89.780884 	 -3.465101 
65.356653 	 89.780884 	 -3.588002 
65.424674 	 89.780884 	 -3.234089 
65.492671 	 89.780884 	 -4.575025 
65.556710 	 89.780884 	 -3.651291 
65.624727 	 89.780884 	 -3.437744 
65.692837 	 89.780884 	 -3.433049 
65.757465 	 89.780884 	 -3.557467 
65.824455 	 89.780884 	 -3.490446 
65.892574 	 89.780884 	 -3.229437 
65.956671 	 89.780884 	 -3.672044 
66.024621 	 89.685410 	 -3.234099 
66.092512 	 89.780884 	 -4.582168 
66.156527 	 89.780884 	 -4.859611 
66.224693 	 89.780884 	 -3.372825 
66.292548 	 89.780884 	 -3.242001 
66.356506 	 89.780884 	 -4.710185 
66.424584 	 89.780884 	 -3.377185 
66.492652 	 89.780884 	 -3.377681 
66.556599 	 89.780884 	 -3.595352 
66.624482 	 89.780884 	 -3.444530 
66.692761 	 89.780884 	 -3.367243 
66.757532 	 89.780884 	 -3.524170 
66.824566 	 89.780884 	 -4.494048 
66.892591 	 89.685410 	 -4.783330 
66.956732 	 89.780884 	 -3.584478 
67.024758 	 89.685410 	 -5.976568 
67.092641 	 89.780884 	 -3.362609 
67.156596 	 89.685410 	 -5.087734 
67.224690 	 89.780884 	 -3.230622 
67.292674 	 89.780884 	 -3.381855 
67.356660 	 89.780884 	 -3.593161 
67.424555 	 89.780884 	 -4.581899 
67.492658 	 89.780884 	 -3.375945 
67.556856 	 89.780884 	 -3.555625 
67.624764 	 89.780884 	 -3.385639 
67.692659 	 89.780884 	 -3.362015 
67.757330 	 89.780884 	 -3.555102 
67.824622 	 89.780884 	 -3.413794 
67.892688 	 89.780884 	 -3.377780 
67.956577 	 89.780884 	 -3.683999 
68.024699 	 89.780884 	 -4.555768 
68.092610 	 91.262901 	 18.437440 
68.156704 	 101.988434 	 162.452523 
68.224536 	 113.992363 	 171.928736 
68.292607 	 125.942886 	 169.404357 
68.356710 	 138.473938 	 192.774238 
68.424590 	 150.318909 	 170.020183 
68.492498 	 162.585678 	 182.760338 
68.556874 	 174.621078 	 195.587020 
68.624674 	 187.091104 	 189.957876 
68.688675 	 199.031057 	 201.591147 
68.756867 	 210.764229 	 190.574686 
68.824647 	 222.555626 	 193.408955 
68.888794 	 234.390823 	 195.083932 
68.956664 	 245.917999 	 179.684544 
69.024524 	 257.945198 	 175.801886 
69.088932 	 269.962624 	 184.213964 
69.156648 	 281.807274 	 171.077308 
69.224649 	 293.576256 	 168.696343 
69.288707 	 305.775139 	 181.971276 
69.356798 	 318.575943 	 183.900325 
69.424705 	 330.314026 	 175.874814 
69.488695 	 342.782257 	 199.145913 
69.556529 	 354.919540 	 186.662043 
69.624698 	 7.224679 	 -5083.199680 
69.688739 	 19.224974 	 200.553552 
69.757461 	 30.900124 	 187.933151 
69.824419 	 42.647381 	 191.549135 
69.888937 	 54.838268 	 202.099368 
69.956821 	 66.085556 	 174.614224 
70.024678 	 77.650452 	 170.646846 
70.088627 	 89.784378 	 186.933463 
70.156735 	 101.512001 	 169.487755 
70.224781 	 113.680618 	 169.539929 
70.288580 	 125.742462 	 180.751799 
70.356442 	 138.402344 	 178.031726 
70.424629 	 150.698212 	 180.364410 
70.488884 	 162.565887 	 194.169543 
70.556819 	 174.597092 	 184.071745 
70.624633 	 187.151520 	 195.299407 
70.688891 	 199.061646 	 199.201640 
70.757559 	 210.694050 	 184.489122 
70.824615 	 222.581150 	 194.534568 
70.888577 	 234.575878 	 197.391342 
70.956729 	 245.949028 	 179.396335 
71.024677 	 257.800972 	 176.971228 
71.088739 	 269.577011 	 181.965143 
71.156583 	 281.549911 	 170.296961 
71.224731 	 293.583817 	 170.155720 
71.288595 	 305.753716 	 181.951819 
71.356623 	 318.520370 	 184.556697 
71.424550 	 330.272354 	 175.708231 
71.488934 	 342.560776 	 195.287571 
71.556864 	 354.719299 	 184.743206 
71.624793 	 6.843610 	 -5106.907536 
71.688712 	 18.820816 	 198.792034 
71.757540 	 30.527008 	 183.348855 
71.824572 	 42.647381 	 192.285505 
71.888765 	 54.362026 	 198.578599 
71.956523 	 66.022552 	 179.804879 
72.024614 	 77.556908 	 173.292168 
72.088769 	 89.671196 	 189.720941 
72.156680 	 101.606293 	 171.882979 
72.220575 	 113.714966 	 182.378527 
72.288676 	 125.639320 	 173.162303 
72.356741 	 138.402542 	 180.998854 
72.420985 	 150.381638 	 183.760538 
72.488776 	 162.335327 	 180.039578 
72.556821 	 174.241196 	 183.840326 
72.620941 	 186.973387 	 203.897801 
72.688848 	 198.903648 	 195.493837 
72.757298 	 210.733852 	 186.668649 
72.820675 	 222.580776 	 203.905360 
72.888684 	 234.350410 	 186.884706 
72.956707 	 246.084671 	 180.684401 
73.020557 	 258.087372 	 190.051386 
73.088774 	 270.024193 	 175.832402 
73.156849 	 281.944061 	 168.397738 
73.220973 	 293.580238 	 172.615822 
73.288715 	 305.781433 	 171.537156 
73.356626 	 318.118454 	 176.977220 
73.420923 	 330.172745 	 188.497566 
73.488699 	 342.261475 	 182.334838 
73.556463 	 354.323105 	 181.291231 
73.620712 	 6.576533 	 -5398.413781 
73.688710 	 18.526854 	 184.667064 
73.757507 	 30.447453 	 188.051020 
73.820519 	 42.425182 	 204.317733 
73.888792 	 54.301689 	 188.972024 
73.956920 	 66.211426 	 180.064716 
74.020863 	 77.776443 	 181.799431 
74.088668 	 89.875092 	 175.773247 
74.156674 	 101.524818 	 167.609961 
74.220719 	 113.648148 	 178.720103 
74.288704 	 125.576790 	 167.876090 
74.356463 	 138.258331 	 181.095618 
74.420758 	 150.353897 	 192.969158 
74.488730 	 161.930267 	 178.157565 
74.556667 	 174.393112 	 188.647968 
74.620574 	 186.922628 	 206.361072 
74.688697 	 198.591148 	 187.467683 
74.757690 	 210.385239 	 184.610830 
74.820650 	 222.300404 	 205.161801 
74.888452 	 234.437214 	 189.185068 
74.956717 	 246.150368 	 181.789204 
75.020704 	 257.987488 	 187.594371 
75.088715 	 270.037376 	 174.895326 
75.156540 	 281.875298 	 168.873129 
75.220756 	 293.660187 	 174.729849 
75.288698 	 305.708115 	 169.464941 
75.356568 	 318.311050 	 182.016075 
75.420618 	 330.212158 	 186.904075 
75.488703 	 342.399109 	 184.411383 
75.556687 	 354.143280 	 182.057970 
75.620705 	 6.728755 	 -5414.267394 
75.688474 	 18.701147 	 190.354808 
75.757604 	 30.562128 	 185.834573 
75.820774 	 42.582645 	 206.323033 
75.888815 	 54.268154 	 180.601961 
75.952782 	 66.065674 	 188.433302 
76.020661 	 77.715576 	 171.846992 
76.088749 	 90.107605 	 177.579177 
76.152726 	 101.636864 	 180.358973 
76.220513 	 113.639946 	 167.932553 
76.288688 	 125.654884 	 168.883740 
76.352722 	 138.234543 	 193.109801 
76.420681 	 150.151718 	 174.906105 
76.488701 	 162.421417 	 182.756410 
76.552931 	 174.538406 	 197.860610 
76.620805 	 186.974675 	 194.283791 
76.688673 	 198.713097 	 190.567543 
76.753165 	 210.350834 	 197.996310 
76.820669 	 222.338303 	 192.712091 
76.888611 	 234.184624 	 186.000662 
76.952736 	 245.765388 	 188.871267 
77.020686 	 257.852722 	 176.799617 
77.088801 	 269.645294 	 174.049989 
77.152769 	 281.543495 	 177.786909 
77.220781 	 293.322609 	 168.461301 
77.288518 	 305.566414 	 174.737101 
77.352693 	 318.151718 	 192.396977 
77.420769 	 330.187805 	 178.407868 
77.488647 	 342.296738 	 184.885412 
77.552539 	 354.343430 	 196.818616 
77.620699 	 7.002497 	 -5078.309991 
77.688653 	 18.626831 	 190.965212 
77.753304 	 30.404081 	 201.294381 
77.820417 	 42.383488 	 192.271021 
77.888759 	 54.268154 	 183.239267 
77.952920 	 65.947838 	 187.221365 
78.020912 	 77.421715 	 171.928109 
78.088656 	 89.693192 	 174.758916 
78.152951 	 101.375336 	 177.097721 
78.220682 	 113.453995 	 167.693597 
78.288634 	 125.560074 	 170.997940 
78.352540 	 137.998581 	 192.140863 
78.420691 	 150.106628 	 178.165632 
78.488700 	 162.165573 	 182.383905 
78.552682 	 174.055008 	 193.400660 
78.620541 	 186.835367 	 198.700113 
78.688639 	 198.410114 	 192.429029 
78.753367 	 210.274321 	 200.656717 
78.820619 	 222.088310 	 191.217763 
78.888478 	 234.023476 	 185.214489 
78.952739 	 245.558571 	 190.438120 
79.020656 	 257.487816 	 175.142439 
79.088807 	 269.276222 	 170.037622 
79.152524 	 281.143242 	 179.433683 
79.220969 	 293.187492 	 165.566163 
79.288754 	 305.423645 	 173.566615 
79.352668 	 317.740448 	 192.980802 
79.420734 	 329.961182 	 177.816707 
79.484847 	 341.814682 	 191.729821 
79.552752 	 353.998718 	 183.432634 
79.620897 	 6.273815 	 -5088.213163 
79.684639 	 18.205374 	 201.914876 
79.753725 	 29.899139 	 184.669890 
79.820788 	 41.779343 	 188.165218 
79.884678 	 53.588436 	 194.430913 
79.952763 	 65.484535 	 177.008284 
80.020609 	 77.022636 	 172.704699 
80.084682 	 89.359039 	 185.920950 
80.152721 	 101.178658 	 169.616926 
80.220482 	 113.088043 	 167.999572 
80.285105 	 125.220177 	 179.644786 
80.352694 	 137.642960 	 180.607229 
80.420812 	 149.843750 	 179.413195 
80.484616 	 161.676254 	 191.610150 
80.552910 	 173.933411 	 185.117214 
80.620891 	 186.511327 	 195.835380 
80.684875 	 198.200836 	 203.101650 
80.753388 	 210.131758 	 188.181206 
80.820817 	 221.892704 	 188.473594 
80.884666 	 233.773468 	 198.427650 
80.952721 	 245.423325 	 178.862479 
81.020513 	 257.132637 	 174.148985 
81.084691 	 269.035583 	 182.175590 
81.152690 	 280.850929 	 170.364976 
81.220744 	 292.903389 	 171.582567 
81.284947 	 305.331970 	 183.991714 
81.352663 	 317.698730 	 180.598500 
81.420935 	 330.081543 	 181.080340 
81.484772 	 342.047272 	 194.091170 
81.552529 	 353.973587 	 187.129773 
81.620663 	 6.284638 	 -5089.397159 
81.684727 	 18.074335 	 196.859500 
81.753441 	 29.990870 	 185.810810 
81.820443 	 41.897316 	 190.149413 
81.884647 	 53.560562 	 189.282272 
81.952719 	 65.561005 	 179.416133 
82.020651 	 77.301643 	 175.223827 
82.084464 	 89.259384 	 186.066460 
82.152694 	 101.076485 	 166.885490 
82.220657 	 113.194962 	 171.522122 
82.285065 	 125.403427 	 181.227021 
82.352528 	 137.457001 	 178.835525 
82.420700 	 149.543091 	 177.135319 
82.484757 	 161.789352 	 194.683719 
82.552656 	 173.816467 	 183.523233 
82.620682 	 186.296810 	 195.794299 
82.684799 	 198.138653 	 202.382644 
82.753608 	 209.900681 	 186.810374 
82.820777 	 222.101429 	 195.339919 
82.884686 	 233.922878 	 204.292197 
82.952979 	 245.633667 	 180.294320 
83.020676 	 257.479080 	 171.941031 
83.084634 	 269.398247 	 183.302652 
83.152558 	 281.101059 	 166.267991 
83.216597 	 293.187492 	 176.800871 
83.285047 	 305.433464 	 172.023842 
83.352784 	 317.789185 	 178.505780 
83.416610 	 329.961182 	 189.226115 
83.484861 	 341.821518 	 180.205565 
83.552686 	 353.728485 	 181.536056 
83.616628 	 6.199725 	 -5423.827469 
83.684510 	 18.265997 	 193.222577 
83.753298 	 29.954802 	 186.279104 
83.816735 	 41.796478 	 198.535429 
83.884675 	 53.720764 	 183.356005 
83.952550 	 65.404724 	 179.002564 
84.016665 	 77.057961 	 178.042096 
84.084693 	 89.176781 	 174.846357 
84.152645 	 101.042633 	 168.748146 
84.216513 	 113.207222 	 180.095541 
84.285002 	 125.287849 	 169.544905 
84.352753 	 137.653198 	 180.043616 
84.416827 	 149.843750 	 190.736773 
84.484652 	 161.588943 	 178.963258 
84.552700 	 173.777390 	 182.475150 
84.616681 	 186.511327 	 213.134931 
84.684700 	 198.103788 	 193.922301 
84.753131 	 209.846104 	 185.924113 
84.816868 	 221.692848 	 198.130176 
84.884608 	 233.937347 	 192.306525 
84.952793 	 245.423325 	 178.576622 
85.016562 	 257.096390 	 183.038828 
85.084733 	 269.035583 	 170.702307 
85.152827 	 280.850929 	 168.645094 
85.216613 	 292.912514 	 183.206425 
85.284935 	 304.860626 	 168.537455 
85.352899 	 317.346786 	 178.317168 
85.416808 	 329.841507 	 196.028963 
85.484690 	 341.510925 	 178.248107 
85.552502 	 353.654068 	 188.333274 
85.616675 	 5.990757 	 -5404.033254 
85.684710 	 17.973888 	 194.053296 
85.753368 	 29.811634 	 186.469676 
85.816752 	 41.552624 	 197.564654 
85.884664 	 53.482277 	 185.284515 
85.952766 	 65.362167 	 179.099145 
86.016694 	 77.005501 	 186.644006 
86.084579 	 88.904694 	 174.896501 
86.152671 	 100.817749 	 167.743714 
86.216625 	 112.884644 	 181.192936 
86.285028 	 125.220177 	 170.691402 
86.352501 	 137.370956 	 180.359359 
86.416670 	 149.617264 	 193.583007 
86.484719 	 161.347015 	 176.942659 
86.552647 	 173.430603 	 186.996997 
86.616492 	 185.969994 	 209.925883 
86.684741 	 197.918245 	 186.151651 
86.750145 	 209.541922 	 194.516620 
86.816805 	 221.486721 	 192.275053 
86.884598 	 233.445400 	 192.389244 
86.948671 	 245.185898 	 191.673045 
87.016725 	 256.844452 	 173.356893 
87.084671 	 268.765717 	 169.144379 
87.148501 	 280.685280 	 183.182923 
87.216550 	 292.786263 	 169.897177 
87.284924 	 304.617973 	 170.269371 
87.348623 	 317.398941 	 192.486052 
87.416510 	 329.446533 	 180.947472 
87.484820 	 341.271057 	 176.202942 
87.548859 	 353.666275 	 200.687659 
87.616681 	 5.943172 	 -5113.410796 
87.684641 	 17.749748 	 186.706680 
87.750251 	 29.450247 	 194.648544 
87.816892 	 41.252693 	 186.909890 
87.884665 	 53.216797 	 185.670665 
87.948546 	 64.993965 	 189.064855 
88.016646 	 76.849777 	 178.220749 
88.084670 	 88.591621 	 177.037751 
88.148648 	 100.548477 	 179.763841 
88.216487 	 112.662918 	 169.266970 
88.285073 	 124.548370 	 167.650001 
88.348610 	 137.183624 	 190.280970 
88.416728 	 149.498108 	 177.498165 
88.484591 	 161.555573 	 182.296023 
88.548878 	 173.534378 	 192.172165 
88.616703 	 186.087595 	 193.998349 
88.684677 	 197.949055 	 188.941919 
88.749953 	 209.598330 	 196.860240 
88.816717 	 221.481125 	 190.980978 
88.884669 	 233.458584 	 186.685234 
88.948661 	 245.105576 	 186.553741 
89.016529 	 257.267395 	 178.757927 
89.084621 	 269.151871 	 174.495682 
89.148662 	 280.909943 	 176.394123 
89.216520 	 292.851311 	 169.411167 
89.284832 	 305.046982 	 171.910543 
89.348586 	 317.223907 	 194.191141 
89.416672 	 329.656784 	 182.714846 
89.484837 	 341.434479 	 177.750297 
89.548596 	 353.188217 	 196.073009 
89.616649 	 5.862732 	 -5094.486415 
89.684647 	 17.716822 	 188.216212 
89.750156 	 29.816729 	 199.627746 
89.816628 	 41.363102 	 187.687011 
89.884627 	 53.595005 	 187.054633 
89.948606 	 65.306831 	 189.496038 
90.016667 	 77.005501 	 173.191108 
90.084487 	 89.081398 	 178.695783 
90.148650 	 100.947182 	 181.627948 
90.216637 	 112.900032 	 165.806654 
90.284749 	 125.063530 	 169.120816 
90.348475 	 137.260773 	 187.242099 
90.416723 	 149.443497 	 178.080544 
90.480704 	 161.419968 	 191.312843 
90.548736 	 173.136551 	 179.901737 
90.616391 	 185.825196 	 195.963639 
90.680586 	 198.037439 	 208.375606 
90.750200 	 209.493029 	 183.388973 
90.816734 	 221.572441 	 191.035982 
90.880419 	 233.672455 	 204.155767 
90.948652 	 245.147575 	 176.357833 
91.016650 	 256.928238 	 174.154475 
91.080610 	 268.765717 	 178.702345 
91.148488 	 280.717873 	 170.741625 
91.216498 	 292.851311 	 170.951051 
91.280741 	 304.617973 	 181.542596 
91.348604 	 317.157455 	 178.238878 
91.416546 	 329.448700 	 179.608225 
91.480706 	 341.116074 	 186.321805 
91.548754 	 353.365570 	 184.577357 
91.616701 	 5.861667 	 -5103.487866 
91.680479 	 17.569164 	 199.182445 
91.750081 	 29.467218 	 184.956467 
91.816838 	 41.279671 	 188.259374 
91.880561 	 53.099289 	 195.627168 
91.948471 	 64.916222 	 179.359814 
92.016604 	 76.810631 	 179.882069 
92.080557 	 88.696114 	 189.779307 
92.148628 	 100.474136 	 167.141132 
92.216487 	 112.447922 	 166.963100 
92.280957 	 124.501564 	 176.461253 
92.348628 	 136.863541 	 179.077300 
92.416723 	 149.061508 	 178.075292 
92.480526 	 161.185715 	 190.670172 
92.548781 	 172.846466 	 180.008102 
92.616623 	 185.585484 	 193.528389 
92.680626 	 197.400921 	 195.986454 
92.749898 	 209.203531 	 183.292369 
92.816948 	 221.039120 	 188.576928 
92.880618 	 233.083000 	 203.107853 
92.948698 	 244.614273 	 176.250999 
93.016463 	 256.596939 	 179.101011 
93.080568 	 268.479897 	 180.033960 
93.148539 	 280.396294 	 172.644025 
93.216516 	 292.474815 	 172.309016 
93.280467 	 304.246078 	 180.540742 
93.348573 	 316.972595 	 180.622603 
93.416634 	 328.815109 	 175.325296 
93.480638 	 340.980545 	 188.877461 
93.548531 	 353.163925 	 187.898428 
93.616664 	 5.583530 	 -5088.488427 
93.680660 	 17.029484 	 188.554300 
93.750061 	 29.297209 	 185.702339 
93.816687 	 41.091217 	 192.151592 
93.880594 	 52.785984 	 195.390974 
93.948636 	 64.687164 	 180.736369 
94.012646 	 76.398857 	 186.045540 
94.080448 	 88.307808 	 176.500841 
94.148561 	 100.294266 	 171.332125 
94.212642 	 112.296402 	 181.675817 
94.280889 	 124.144508 	 168.231688 
94.348433 	 136.866531 	 184.339719 
94.412673 	 148.850723 	 189.793057 
94.480622 	 160.947556 	 180.112290 
94.548689 	 173.017914 	 187.897851 
94.612471 	 185.763583 	 209.628375 
94.680570 	 197.688704 	 189.144672 
94.749835 	 209.164244 	 183.783657 
94.812628 	 221.127216 	 205.686892 
94.880395 	 232.919991 	 189.241120 
94.948605 	 244.507309 	 173.918883 
95.012612 	 256.478920 	 187.772603 
95.080538 	 268.266441 	 173.007067 
95.148453 	 280.244331 	 174.521770 
95.212484 	 292.493805 	 187.499305 
95.280670 	 304.382034 	 171.321342 
95.348538 	 316.961380 	 181.090764 
95.412498 	 329.106842 	 189.015025 
95.480645 	 340.980545 	 175.743540 
95.548717 	 353.067230 	 184.618081 
95.612635 	 5.608257 	 -5421.888889 
95.680493 	 17.328661 	 187.528029 
95.750052 	 29.085232 	 182.275637 
95.812626 	 40.914246 	 199.056525 
95.880539 	 53.075306 	 188.210564 
95.948478 	 64.673332 	 177.636115 
96.012586 	 76.735352 	 190.187075 
96.080571 	 88.462219 	 176.578083 
96.148575 	 100.414032 	 168.892962 
96.212362 	 112.516701 	 178.788358 
96.280987 	 124.464600 	 167.323599 
96.348622 	 136.489243 	 172.691550 
96.412641 	 148.997635 	 192.069011 
96.480446 	 160.968811 	 179.203289 
96.548619 	 172.880920 	 187.465346 
96.612605 	 185.704336 	 208.594739 
96.680627 	 197.673782 	 190.630223 
96.749839 	 209.324896 	 186.040759 
96.812648 	 220.960342 	 198.580808 
96.880588 	 233.373367 	 192.976685 
96.948637 	 244.883713 	 180.435142 
97.012482 	 256.895477 	 186.608928 
97.080576 	 268.751183 	 172.089832 
97.148603 	 280.641190 	 171.233128 
97.212504 	 292.652351 	 178.805371 
97.280502 	 304.405151 	 168.847275 
97.348579 	 316.740662 	 176.080703 
97.412676 	 328.724640 	 184.614990 
97.480620 	 340.745071 	 177.767676 
97.548418 	 352.812576 	 184.623293 
97.612633 	 5.216516 	 -5402.912637 
97.680646 	 17.349773 	 185.797700 
97.745447 	 29.332438 	 199.943272 
97.812335 	 40.870041 	 191.067949 
97.880538 	 52.964535 	 184.679999 
97.944643 	 64.916222 	 191.580470 
98.012580 	 76.614433 	 177.137569 
98.081813 	 88.488953 	 174.343449 
98.144610 	 100.465416 	 182.749367 
98.212611 	 112.357330 	 163.862164 
98.280822 	 124.290474 	 164.504376 
98.344399 	 136.617416 	 189.435110 
98.412563 	 149.053711 	 180.749633 
98.480624 	 160.844589 	 180.965986 
98.544904 	 172.747849 	 196.662492 
98.612483 	 185.329236 	 197.898859 
98.680552 	 197.042620 	 185.019201 
98.745520 	 209.165630 	 197.971463 
98.812487 	 220.761978 	 188.441352 
98.880377 	 233.332176 	 199.913168 
98.944629 	 244.747849 	 188.999097 
99.012609 	 256.699226 	 176.430803 
99.080585 	 268.583298 	 174.096461 
99.144457 	 280.344620 	 181.774706 
99.212449 	 292.565475 	 168.539681 
99.280628 	 304.164291 	 166.824227 
99.344531 	 316.669159 	 188.752750 
99.412452 	 328.614716 	 177.697354 
99.480561 	 340.575836 	 177.109618 
99.544760 	 352.531219 	 191.287341 
99.612572 	 5.163750 	 -5117.100233 
99.680379 	 17.057211 	 186.385948 
99.745477 	 28.841009 	 194.562414 
99.812436 	 40.840893 	 192.982810 
99.880549 	 52.881088 	 187.460499 
99.944443 	 64.468987 	 191.692162 
100.012624 	 76.234825 	 177.380487 
100.080582 	 88.180313 	 174.806174 
100.144613 	 100.266312 	 182.537115 
100.212445 	 112.067047 	 166.922588 
100.280913 	 123.902718 	 166.217459 
100.344536 	 136.476547 	 192.675573 
100.412611 	 148.602921 	 178.306941 
100.480403 	 160.614243 	 180.858921 
100.544881 	 172.504562 	 194.919554 
100.612619 	 185.395281 	 198.149842 
100.680589 	 196.969051 	 183.252199 
100.745305 	 208.879601 	 197.885005 
100.812500 	 220.674545 	 187.899115 
100.880562 	 232.640209 	 188.253974 
100.944655 	 244.295853 	 188.833320 
101.012451 	 256.024170 	 173.812142 
101.080531 	 267.783531 	 172.001601 
101.144590 	 279.925247 	 185.493405 
101.212482 	 291.855888 	 171.056339 
101.276467 	 303.870697 	 181.472876 
101.344577 	 316.434402 	 179.954353 
101.412586 	 328.385315 	 175.574453 
101.476580 	 340.439194 	 194.039660 
101.544597 	 352.403854 	 182.900422 
101.612617 	 5.006728 	 -5101.338033 
101.676698 	 16.629925 	 185.470358 
101.745523 	 28.673304 	 184.409226 
101.812304 	 40.454895 	 189.661356 
101.876556 	 52.464897 	 194.004778 
101.944645 	 64.209854 	 181.970671 
102.012585 	 75.909485 	 176.337666 
102.076415 	 87.775169 	 184.248253 
102.144592 	 99.949020 	 172.669698 
102.212514 	 111.797028 	 169.157754 
102.276581 	 123.645370 	 183.738758 
102.344385 	 136.106049 	 181.247743 
102.412612 	 148.261642 	 174.648907 
102.476622 	 160.241226 	 189.635682 
102.544883 	 172.569931 	 186.450902 
102.612384 	 185.250325 	 197.305270 
102.676664 	 196.654905 	 186.703827 
102.745552 	 208.730659 	 185.300764 
102.812446 	 220.419067 	 188.736688 
102.876406 	 232.491226 	 200.738243 
102.944591 	 244.114014 	 178.421031 
103.012574 	 255.903801 	 178.315093 
103.076541 	 267.537804 	 179.946582 
103.144359 	 279.825806 	 177.212716 
103.212455 	 291.740517 	 169.718970 
103.276626 	 303.738350 	 183.984557 
103.344549 	 316.349335 	 181.584721 
103.412450 	 328.019272 	 173.896172 
103.476541 	 340.433945 	 195.158759 
103.544836 	 352.328949 	 182.312761 
103.612618 	 4.789897 	 -5123.019976 
103.676467 	 16.713184 	 193.729205 
103.745470 	 28.903612 	 185.587395 
103.812433 	 40.569065 	 189.422114 
103.876488 	 52.670368 	 199.041496 
103.944462 	 64.209854 	 182.939801 
104.012534 	 75.811844 	 175.397226 
104.076523 	 87.675613 	 184.279157 
104.144542 	 99.817558 	 173.037931 
104.212448 	 111.719421 	 169.601729 
104.276621 	 123.855042 	 183.356926 
104.344481 	 136.499557 	 184.619201 
104.412545 	 148.233078 	 176.007170 
104.476382 	 160.354431 	 193.628648 
104.544840 	 172.394226 	 183.552587 
104.612611 	 185.207199 	 197.437075 
104.676610 	 196.575676 	 188.947249 
104.745320 	 208.668650 	 183.708747 
104.812443 	 220.479542 	 186.088047 
104.876543 	 232.187157 	 192.617395 
104.944544 	 244.163078 	 179.588418 
105.008267 	 256.024170 	 189.391758 
105.076523 	 267.729889 	 170.018943 
105.144582 	 280.035149 	 178.595586 
105.208408 	 292.101479 	 186.017328 
105.276439 	 303.761215 	 167.129397 
105.344430 	 316.101837 	 174.681384 
105.408570 	 328.316177 	 191.012254 
105.476537 	 340.461212 	 184.512646 
105.544645 	 352.321014 	 184.082722 
105.608542 	 4.834742 	 -5431.272877 
105.676667 	 16.414289 	 177.181960 
105.745469 	 28.479961 	 180.079082 
105.808556 	 40.663040 	 204.885919 
105.876556 	 52.531372 	 190.501941 
105.944598 	 64.351669 	 187.580039 
106.008537 	 76.063965 	 187.393469 
106.076380 	 88.062935 	 173.840057 
106.144558 	 100.142792 	 174.467262 
106.208511 	 112.048309 	 181.264116 
106.276556 	 124.068237 	 171.341201 
106.344336 	 136.292801 	 181.712865 
106.408577 	 148.348389 	 186.799443 
106.476579 	 160.337158 	 178.113747 
106.544843 	 172.321655 	 181.765645 
106.608464 	 184.840022 	 206.421810 
106.676587 	 196.584658 	 184.348942 
106.745497 	 208.718561 	 186.987302 
106.808438 	 220.546711 	 203.929299 
106.876377 	 232.491226 	 188.434831 
106.944565 	 244.435768 	 180.811374 
107.008577 	 256.349144 	 187.455196 
107.076470 	 267.969818 	 171.669406 
107.144399 	 280.043495 	 173.344801 
107.208390 	 292.096649 	 184.264584 
107.276603 	 303.917923 	 166.870259 
107.344496 	 316.037766 	 171.531866 
107.408438 	 328.163116 	 188.863001 
107.476490 	 340.352921 	 185.692999 
107.544792 	 352.401352 	 185.128371 
107.608563 	 4.544713 	 -5442.382478 
107.676468 	 16.416780 	 180.051248 
107.745488 	 28.406927 	 185.280368 
107.808727 	 40.383564 	 200.392274 
107.876498 	 52.437778 	 190.847545 
107.944422 	 61.071419 	 137.270803 
108.008485 	 0.000000 	 -957.158235 
108.076487 	 0.000000 	 0.000000 
108.144526 	 0.000000 	 0.000000 
108.208339 	 0.000000 	 0.000000 
108.276582 	 0.000000 	 0.000000 
108.344480 	 0.000000 	 0.000000 
108.408519 	 0.000000 	 0.000000 
108.476383 	 0.000000 	 0.000000 
108.540501 	 0.000000 	 0.000000 
108.608490 	 0.000000 	 0.000000 
108.676577 	 0.000000 	 0.000000 
108.740573 	 0.000000 	 0.000000 
108.808428 	 0.000000 	 0.000000 
108.876529 	 0.000000 	 0.000000 
108.940525 	 0.000000 	 0.000000 
109.008367 	 0.000000 	 0.000000 
109.076393 	 0.000000 	 0.000000 
109.140607 	 0.000000 	 0.000000 
109.208383 	 0.000000 	 0.000000 
109.276351 	 0.000000 	 0.000000 
109.340423 	 0.000000 	 0.000000 
109.408560 	 0.000000 	 0.000000 
109.476474 	 0.000000 	 0.000000 
109.540290 	 0.000000 	 0.000000 
109.608504 	 0.000000 	 0.000000 
109.676504 	 0.000000 	 0.000000 
109.740817 	 0.000000 	 0.000000 
109.808217 	 0.000000 	 0.000000 
109.876469 	 0.000000 	 0.000000 
109.940685 	 0.000000 	 0.000000 
110.008481 	 0.000000 	 0.000000 
110.076269 	 0.000000 	 0.000000 
110.140647 	 0.000000 	 0.000000 
110.208512 	 0.000000 	 0.000000 
110.276525 	 0.000000 	 0.000000 
110.340316 	 0.000000 	 0.000000 
110.408472 	 0.000000 	 0.000000 
110.476520 	 0.000000 	 0.000000 
110.540474 	 0.000000 	 0.000000 
110.608352 	 0.000000 	 0.000000 
110.676542 	 0.000000 	 0.000000 
110.740771 	 0.000000 	 0.000000 
110.808394 	 0.000000 	 0.000000 
110.876306 	 0.000000 	 0.000000 
110.940537 	 0.000000 	 0.000000 
111.008549 	 0.000000 	 0.000000 
111.076489 	 0.000000 	 0.000000 
111.140433 	 0.000000 	 0.000000 
111.208432 	 0.000000 	 0.000000 
111.276516 	 0.000000 	 0.000000 
111.340565 	 0.000000 	 0.000000 
111.408335 	 0.000000 	 0.000000 
111.476508 	 0.000000 	 0.000000 
111.540591 	 0.000000 	 0.000000 
111.608476 	 0.000000 	 0.000000 
111.676355 	 0.000000 	 0.000000 
111.740774 	 0.000000 	 0.000000 
111.808359 	 0.000000 	 0.000000 
111.876481 	 0.000000 	 0.000000 
111.940398 	 0.000000 	 0.000000 
112.008474 	 0.000000 	 0.000000 
112.076507 	 0.000000 	 0.000000 
112.140415 	 0.000000 	 0.000000 
112.208336 	 0.000000 	 0.000000 
112.272577 	 0.000000 	 0.000000 
112.340513 	 0.000000 	 0.000000 
112.408498 	 0.000000 	 0.000000 
112.472381 	 0.000000 	 0.000000 
112.540512 	 0.000000 	 0.000000 
112.608509 	 0.000000 	 0.000000 
112.672535 	 0.000000 	 0.000000 
112.740619 	 0.000000 	 0.000000 
112.808353 	 0.000000 	 0.000000 
112.872696 	 0.000000 	 0.000000 
112.940588 	 0.000000 	 0.000000 
113.008287 	 0.000000 	 0.000000 
113.072503 	 0.000000 	 0.000000 
113.140544 	 0.000000 	 0.000000 
113.208376 	 0.000000 	 0.000000 
113.272432 	 0.000000 	 0.000000 
113.340541 	 0.000000 	 0.000000 
113.408482 	 0.000000 	 0.000000 
113.472495 	 0.000000 	 0.000000 
113.540328 	 0.000000 	 0.000000 
113.608496 	 0.000000 	 0.000000 
113.672528 	 0.000000 	 0.000000 
113.740958 	 0.000000 	 0.000000 
113.808583 	 0.000000 	 0.000000 
113.874159 	 0.000000 	 0.000000 
113.940558 	 0.000000 	 0.000000 
114.008437 	 0.000000 	 0.000000 
114.072312 	 0.000000 	 0.000000 
114.140675 	 0.000000 	 0.000000 
114.208446 	 0.000000 	 0.000000 
114.272543 	 0.000000 	 0.000000 
114.340274 	 0.000000 	 0.000000 
114.408550 	 0.000000 	 0.000000 
114.472507 	 0.000000 	 0.000000 
114.540488 	 0.000000 	 0.000000 
114.608258 	 0.000000 	 0.000000 
114.672554 	 0.000000 	 0.000000 
114.740802 	 0.000000 	 0.000000 
114.808401 	 0.000000 	 0.000000 
114.872478 	 0.000000 	 0.000000 
114.940586 	 0.000000 	 0.000000 
115.008461 	 0.000000 	 0.000000 
115.072667 	 0.000000 	 0.000000 
115.140462 	 0.000000 	 0.000000 
115.208340 	 0.000000 	 0.000000 
115.272533 	 0.000000 	 0.000000 
115.340407 	 0.000000 	 0.000000 
115.408398 	 0.000000 	 0.000000 
115.472469 	 0.000000 	 0.000000 
115.540485 	 0.000000 	 0.000000 
115.608491 	 0.000000 	 0.000000 
115.672394 	 0.000000 	 0.000000 
115.740763 	 0.000000 	 0.000000 
115.804700 	 0.000000 	 0.000000 
115.872598 	 0.000000 	 0.000000 
115.940541 	 0.000000 	 0.000000 
116.004763 	 0.000000 	 0.000000 
116.072615 	 0.000000 	 0.000000 
116.140788 	 0.000000 	 0.000000 
116.204302 	 0.000000 	 0.000000 
116.272524 	 0.000000 	 0.000000 
116.340476 	 0.000000 	 0.000000 
