58.895508,0.048118
71.286461,0.111760
81.263878,0.175968
93.932655,0.239756
101.842216,0.287953
114.193123,0.351789
123.477386,0.415769
134.141327,0.479917
144.085129,0.527645
156.367706,0.592004
165.961746,0.655734
356.561432,0.720186
187.932251,0.767781
201.618668,0.831918
210.710693,0.895675
220.984238,0.959911
232.650665,1.007801
244.865265,1.071955
254.171036,1.135921
265.876007,1.199685
277.951111,1.263746
288.288574,1.312052
297.520569,1.375731
306.982758,1.440097
317.187805,1.503773
329.864594,1.552096
339.503662,1.615758
348.931091,1.679932
0.778226,1.743731
13.822292,1.792539
24.644552,1.855778
34.911903,1.920029
44.950100,1.983752
58.074203,2.031922
68.621552,2.095803
77.660690,2.160087
87.746521,2.223808
101.765701,2.272102
110.332893,2.335856
120.336517,2.399791
129.937759,2.463687
143.908966,2.527956
153.407578,2.576119
165.006668,2.640059
356.375366,2.703698
186.808151,2.768005
198.092346,2.815711
207.319687,2.879998
217.973709,2.943729
232.048828,3.007795
241.845612,3.055770
254.090576,3.120005
264.281128,3.183727
274.978912,3.248022
285.128723,3.295734
293.569183,3.360010
304.057861,3.423929
316.726257,3.487959
326.455933,3.551789
335.938293,3.599943
346.470795,3.663743
0.880869,3.727902
11.212182,3.791785
23.922600,3.839924
34.143177,3.903769
44.353893,3.967966
54.629818,4.031711
65.410866,4.079947
75.763603,4.143894
85.647629,4.208430
98.393082,4.271663
108.120461,4.320023
117.225502,4.383689
129.272491,4.447835
140.558487,4.511943
152.257828,4.561255
160.735977,4.623760
172.802048,4.687882
183.803680,4.751779
194.118149,4.816035
205.521973,4.863834
218.270706,4.927933
228.283646,4.991777
239.473480,5.055968
248.777023,5.103783
261.700287,5.168058
272.200684,5.231800
280.637115,5.296057
291.625000,5.343776
303.017822,5.407992
312.604340,5.471727
323.713226,5.535865
333.716431,5.583717
346.546539,5.647944
355.402191,5.711618
8.903113,5.776075
17.103458,5.823665
31.657681,5.888128
42.321438,5.951874
52.305843,6.016117
62.195881,6.079947
75.007927,6.128337
84.478973,6.191817
94.976440,6.255862
105.447258,6.319905
117.072937,6.367893
126.086166,6.431763
137.036591,6.495972
147.694504,6.559720
159.067841,6.607925
169.504990,6.671817
180.307953,6.735941
190.884781,6.799839
203.613724,6.847991
214.098160,6.911985
224.856110,6.975807
236.390030,7.039719
248.370911,7.087840
257.424286,7.151784
268.949463,7.215794
278.423462,7.279650
291.143890,7.344113
300.444244,7.391913
309.657593,7.455889
321.281982,7.519845
333.207153,7.583811
343.230652,7.632262
352.117981,7.696092
5.068904,7.759724
16.935278,7.823852
29.555883,7.871962
38.251530,7.935894
50.508854,7.999849
61.852074,8.064107
71.758286,8.111761
81.978218,8.175970
94.813606,8.239751
104.710800,8.303833
114.268867,8.367706
123.566040,8.416815
134.816437,8.479809
146.737305,8.543863
158.133652,8.607839
167.034866,8.655985
358.403198,8.719607
191.498413,8.783846
203.614471,8.847898
213.710236,8.896073
224.999222,8.959808
235.787888,9.023980
245.102509,9.087820
255.092102,9.136093
267.315582,9.199760
277.830475,9.263831
