318.816223,0.064029
331.235870,0.112355
341.392456,0.176371
351.384338,0.240081
3.429978,0.303927
14.648350,0.352023
25.661966,0.415949
35.534142,0.479925
48.487785,0.544279
59.975254,0.592013
70.490791,0.656041
81.412796,0.719998
92.664932,0.784062
103.412849,0.848157
113.005920,0.896642
122.208206,0.960007
134.643219,1.024015
144.735397,1.088169
154.501465,1.135969
164.546921,1.200094
358.401337,1.263959
190.045059,1.328043
199.001572,1.376041
209.033722,1.439948
220.638947,1.504076
233.392578,1.568064
244.643097,1.616030
252.663803,1.679962
265.504272,1.744008
276.528534,1.808082
288.555664,1.856098
298.437469,1.919918
307.411804,1.984043
318.429443,2.048388
330.346497,2.112037
340.859070,2.160044
350.947388,2.224036
2.331724,2.287947
12.282229,2.352065
22.234999,2.399980
34.983490,2.464048
46.572201,2.528095
56.187897,2.591980
66.871475,2.640150
79.200813,2.703969
89.973595,2.767962
102.312729,2.832042
109.916374,2.880151
121.369926,2.944030
131.694565,3.007969
143.688858,3.072246
154.161652,3.120087
163.648254,3.184197
174.299438,3.248215
188.088867,3.311977
198.834961,3.375913
208.884857,3.424004
219.248474,3.487928
230.263657,3.551992
240.160843,3.616433
252.366394,3.664022
263.394165,3.728079
273.237579,3.791984
282.964203,3.856074
295.299622,3.904084
304.481689,3.967955
315.009888,4.032184
325.037354,4.095993
337.745605,4.144017
347.262085,4.207933
358.783997,4.271995
9.587813,4.336061
21.831650,4.384104
32.481781,4.448102
41.965782,4.512204
52.773006,4.575906
66.008560,4.639937
75.546265,4.688052
89.277412,4.752501
99.051010,4.816351
108.990616,4.880026
118.357414,4.928079
127.540817,4.992006
138.173279,5.056115
150.944702,5.119906
161.425003,5.168572
173.578552,5.232005
184.893829,5.296029
195.691086,5.359948
205.719162,5.407924
217.082916,5.472194
226.443237,5.536014
240.156097,5.599882
249.488632,5.664051
261.835907,5.711925
273.339935,5.775999
282.433868,5.840031
292.344177,5.903821
302.104065,5.952142
311.894348,6.015822
324.230530,6.079896
334.362122,6.143816
344.379761,6.192001
354.127472,6.255832
9.985703,6.320043
18.386187,6.383856
28.792423,6.432290
40.425236,6.495955
306.313904,25.586457
297.408997,25.649478
275.869781,25.759873
266.555054,25.823802
256.703522,25.887942
235.091599,25.999943
214.063202,26.127860
190.299957,26.239907
168.116837,26.367802
156.951706,26.433449
133.469681,26.543928
113.063545,26.671908
93.053299,26.783912
71.477936,26.911875
52.187271,27.023803
29.116640,27.151836
354.495178,27.328031
331.012939,27.455862
309.962738,27.567886
288.880554,27.695865
269.538300,27.807935
248.164200,27.935849
227.693222,28.048238
204.785690,28.178441
183.167618,28.287814
158.137497,28.417446
137.132446,28.527770
115.174156,28.655788
96.194710,28.768538
74.183800,28.895956
55.348843,29.007985
31.540209,29.135844
10.006592,29.247936
344.483521,29.375840
310.569611,29.551893
291.343384,29.679678
270.809875,29.791822
259.487915,29.855909
249.822632,29.921670
241.480728,29.983832
218.711502,30.095905
207.951431,30.159783
197.123398,30.223849
171.360519,30.335924
161.398422,30.400143
150.629669,30.463970
138.643082,30.511801
127.315979,30.575820
117.955734,30.639745
108.334099,30.704580
96.922813,30.752339
85.237267,30.815931
77.476913,30.879756
67.490852,30.943795
56.763641,31.007830
45.538986,31.056303
32.833183,31.120672
21.539137,31.183985
10.440794,31.247721
180.037827,31.295786
348.915558,31.359762
338.040405,31.424669
324.503662,31.488769
304.244385,31.599736
294.779663,31.664684
282.104553,31.727799
274.141968,31.775890
263.018219,31.840848
254.340729,31.904227
242.711182,31.967825
232.420517,32.015840
219.500778,32.079848
208.624725,32.143916
198.174896,32.208001
186.907379,32.272798
356.079987,32.320071
164.866638,32.383885
151.456467,32.447770
140.554459,32.511934
130.006210,32.559849
120.661247,32.623809
108.791069,32.688493
99.363579,32.751864
85.893158,32.799797
77.910408,32.863752
68.112244,32.927838
58.199242,32.992068
47.998352,33.041272
38.016365,33.103761
25.063320,33.167746
14.793003,33.231810
2.237285,33.296737
349.888123,33.344035
338.147888,33.409527
328.189301,33.471816
316.951965,33.535776
307.392609,33.583754
295.073822,33.647792
285.914856,33.711823
276.664001,33.776622
266.714905,33.824379
254.794556,33.887850
244.699661,33.951769
235.749283,34.015863
211.977936,34.127734
201.656570,34.192745
190.872314,34.255726
359.166718,34.303777
165.487442,34.367825
154.450226,34.431947
144.364365,34.495813
133.224899,34.559923
121.506027,34.609049
111.329735,34.671814
101.879631,34.735801
94.042564,34.799924
80.777161,34.847741
70.334877,34.911687
58.955864,34.977046
49.576382,35.039818
39.091129,35.087836
28.238791,35.151834
17.576904,35.215889
7.291173,35.279672
351.645966,35.328333
341.298798,35.392925
328.151917,35.455745
317.688232,35.519800
307.547546,35.567844
296.833221,35.631859
288.921631,35.696000
279.132660,35.760381
267.084473,35.823761
257.179230,35.871806
247.725769,35.935751
239.042007,35.999759
226.241989,36.063739
215.636475,36.114163
205.476807,36.175840
193.875397,36.239840
359.640930,36.303816
169.186722,36.351856
157.578568,36.415820
147.293976,36.481835
134.328613,36.545519
124.254242,36.592398
114.435669,36.655890
105.210129,36.719986
93.840240,36.783778
84.154083,36.832218
73.726059,36.896543
64.808685,36.959882
53.148376,37.023796
42.811073,37.087640
31.861227,37.135882
24.695408,37.199829
319.551941,38.048499
200.698654,39.375792
213.899475,39.426321
225.015564,39.488001
234.645554,39.551832
245.263596,39.618938
257.713409,39.664005
267.082611,39.727854
276.856750,39.794291
286.711792,39.855823
296.390991,39.903817
307.025146,39.970124
339.430725,40.143728
171.913544,40.207796
144.590668,41.055717
222.650970,42.079776
212.076294,42.143885
187.869995,42.255831
175.436966,42.321077
165.680267,42.383744
142.756592,42.495728
131.579514,42.559819
121.149063,42.623921
111.478912,42.672674
102.425117,42.737090
82.194031,42.863750
73.441727,42.927734
61.329643,42.975885
50.369480,43.039746
40.509426,43.103852
29.781126,43.167703
15.448362,43.215655
5.093297,43.279787
350.284546,43.343755
337.988373,43.410133
329.213165,43.456191
319.223236,43.520007
307.003204,43.587623
298.192230,43.647713
288.908173,43.695840
269.791199,43.823899
260.509277,43.888013
249.086212,43.935745
238.577408,43.999699
225.501709,44.063943
215.528198,44.127743
202.027985,44.191799
190.689865,44.240680
180.198486,44.304895
168.744064,44.367730
155.596481,44.431694
146.134201,44.479757
137.105972,44.543707
125.993683,44.607670
114.002411,44.673213
104.025398,44.719838
94.490311,44.783722
86.272377,44.847985
73.350197,44.911689
63.922958,44.962363
51.456120,45.025420
40.378387,45.087800
29.558983,45.155180
18.183258,45.200014
4.247798,45.263655
354.441650,45.330628
342.615784,45.391998
332.983704,45.456578
322.953827,45.506879
312.083252,45.567720
301.193848,45.631734
291.615234,45.695611
282.439880,45.744011
272.692322,45.808140
260.311432,45.871740
251.188705,45.935770
230.626190,46.047691
217.663864,46.111747
206.113007,46.176121
148.447662,81.087976
158.390305,81.151383
168.277405,81.199446
359.934113,81.263425
192.795502,81.327575
203.294662,81.391505
213.724518,81.455531
224.500977,81.503565
238.482437,81.567778
248.589523,81.631541
257.918365,81.695457
267.389465,81.743510
279.501526,81.807887
289.971802,81.871594
301.666351,81.935595
311.968628,81.983525
322.221313,82.047521
332.476501,82.111517
344.551239,82.175486
357.218994,82.223987
6.729634,82.287637
17.089426,82.351528
26.234253,82.415614
37.484676,82.463648
50.802036,82.527506
61.141071,82.591720
71.255249,82.655674
81.339783,82.719569
94.385605,82.767722
104.170555,82.831493
112.948830,82.895480
123.106277,82.959428
135.350327,83.008261
146.963913,83.071547
155.972824,83.135536
165.364227,83.199540
357.872192,83.247508
190.831741,83.311526
203.540863,83.375875
212.877304,83.439546
224.351990,83.487525
234.452866,83.551584
244.141357,83.615607
254.477005,83.679670
267.295593,83.728065
277.118408,83.791656
287.367004,83.855554
296.395386,83.919545
309.316284,83.983628
318.719421,84.031938
328.642456,84.095637
339.392334,84.159757
352.192200,84.223593
1.752544,84.271556
14.852776,84.335540
24.113373,84.399543
36.684357,84.463525
49.517273,84.511397
57.379791,84.576144
67.602226,84.639548
101.013229,84.815442
110.569901,84.879488
122.664902,84.943651
131.964066,84.991599
142.286774,85.056529
152.193298,85.119573
165.210434,85.183537
175.488159,85.247492
189.871185,85.295560
199.916092,85.359734
209.791702,85.423566
221.413345,85.487512
230.763412,85.535567
241.170319,85.599561
254.268463,85.663587
266.709747,85.727846
274.312256,85.775681
283.708435,85.839739
296.312866,85.903529
305.504822,85.967514
315.666168,86.015681
326.083832,86.079765
339.345795,86.143749
347.898743,86.207624
359.643677,86.271521
8.160647,86.319482
23.407310,86.383559
33.407383,86.447528
47.613216,86.512171
57.507065,86.559623
67.534523,86.623576
76.138336,86.687577
90.693718,86.751646
100.680115,86.799690
109.356621,86.863721
121.027908,86.927583
131.225113,86.991558
141.556549,87.039487
152.290024,87.103592
161.658447,87.167495
172.981995,87.231592
184.952744,87.280711
196.422455,87.343623
206.512024,87.407439
220.781754,87.471982
229.889725,87.535501
241.587738,87.583612
251.391266,87.647968
261.667969,87.711613
271.316284,87.775448
283.445496,87.823536
293.863159,87.887719
302.879333,87.951476
313.068481,88.015696
325.522888,88.065011
335.551544,88.127552
347.557983,88.191691
178.856384,88.255533
7.923366,88.303512
19.671715,88.367864
30.489897,88.432148
41.579815,88.495482
53.796864,88.543677
64.270164,88.607473
74.669647,88.671489
85.337540,88.735545
98.605019,88.800034
106.050278,88.847767
116.237656,88.911463
127.982979,88.975478
139.572708,89.039408
150.562576,89.087589
161.471161,89.151546
172.580078,89.215509
183.451691,89.279444
193.542236,89.327450
203.435455,89.391425
214.367401,89.455522
226.447006,89.519522
237.638428,89.569231
248.481018,89.631550
261.106995,89.695521
271.079651,89.759483
281.036835,89.807468
290.413391,89.871468
300.455322,89.935518
311.685669,89.999829
323.919586,90.063722
332.470764,90.111605
342.906677,90.175479
359.199707,90.239519
6.321391,90.303492
17.403637,90.351822
28.554010,90.415723
41.049587,90.480163
50.252769,90.543643
60.487534,90.591432
72.871346,90.655454
83.368797,90.719615
96.717560,90.783653
103.910995,90.831440
114.117393,90.895433
125.576477,90.959447
135.120758,91.023500
145.852570,91.087450
156.613144,91.135858
168.870239,91.199730
359.623657,91.263468
189.406281,91.327547
200.647385,91.375498
213.214417,91.439503
223.916412,91.503567
234.092255,91.567407
245.772385,91.615491
257.731110,91.679463
267.077911,91.743500
276.752319,91.807707
288.843994,91.855923
299.231506,91.919550
310.310181,91.983582
322.145416,92.047457
331.544250,92.095539
341.030579,92.159596
354.147491,92.223586
5.477393,92.287716
16.178343,92.351386
26.002834,92.399409
37.207062,92.463410
47.923378,92.527376
59.838718,92.591444
70.980225,92.639900
80.560059,92.704015
94.067673,92.767468
104.172195,92.831617
113.114975,92.880040
122.978378,92.943387
132.706406,93.007432
143.989975,93.071540
155.753433,93.119669
166.489227,93.183451
174.320358,93.247588
189.443802,93.311438
199.460587,93.359595
211.112274,93.423412
224.318161,93.487874
234.593536,93.551500
254.394928,93.663401
297.547729,93.903406
306.134827,93.967509
319.534149,94.031509
328.144836,94.095453
339.101013,94.143551
348.311890,94.207459
1.704794,94.271643
13.252139,94.335410
25.818773,94.383597
37.066433,94.447491
47.968979,94.511531
57.661579,94.575402
67.735863,94.623589
78.562080,94.687470
89.964684,94.751415
100.806862,94.815462
109.581459,94.879540
119.575027,94.927464
131.777969,94.991583
141.545410,95.056187
151.812637,95.119391
161.945374,95.167386
175.165176,95.231572
186.794159,95.295379
199.328812,95.359447
210.124939,95.407697
219.872208,95.471572
231.236237,95.535466
242.214386,95.599687
251.157867,95.647564
265.321106,95.711450
273.487488,95.775517
283.527283,95.839569
293.731445,95.903510
305.244080,95.951433
315.541260,96.015525
325.347229,96.079411
335.245209,96.143477
348.005005,96.191716
358.788513,96.255485
7.885533,96.319605
20.330057,96.383362
32.405743,96.431669
45.325314,96.495464
56.008186,96.559416
64.267273,96.623483
78.016457,96.671430
87.300697,96.735517
98.357170,96.799403
108.028999,96.863471
119.716537,96.912144
128.748886,96.975728
139.064148,97.039520
148.994736,97.103433
161.447998,97.167510
351.938721,97.215484
182.281860,97.279467
193.046219,97.343605
205.999191,97.407534
215.803329,97.455464
227.379272,97.519550
238.143753,97.583423
250.057739,97.647560
261.423126,97.695646
271.414246,97.759530
281.016418,97.823486
293.486572,97.887356
303.073273,97.935528
315.115845,97.999456
326.095459,98.063400
334.472351,98.127581
346.388855,98.175391
358.598358,98.239421
8.826952,98.303376
20.170118,98.367573
30.830215,98.431515
42.957966,98.479752
53.662514,98.543557
63.603786,98.607577
74.140793,98.671433
84.711716,98.719434
95.149147,98.783499
106.647827,98.847574
115.955788,98.911847
125.852577,98.959460
136.002747,99.023500
148.664886,99.087530
158.803192,99.151633
171.521347,99.199350
359.598999,99.263758
193.664642,99.327565
204.344650,99.391481
215.791962,99.439389
226.810028,99.503656
237.637268,99.567404
247.184967,99.631522
257.768585,99.695388
266.726013,99.743792
280.650146,99.807346
289.439575,99.871620
300.274597,99.935437
308.940308,99.983624
321.588501,100.047365
331.121948,100.111545
341.409424,100.175582
352.646515,100.223472
5.695811,100.287522
16.348618,100.351459
27.011904,100.415617
36.927681,100.463564
50.220142,100.527473
62.587177,100.591410
73.543549,100.655355
84.181213,100.719437
94.550095,100.767480
104.355484,100.831473
113.844200,100.895435
145.209930,101.071352
154.916290,101.135537
166.469467,101.199494
358.594482,101.247449
189.421463,101.311559
199.476273,101.375539
210.598755,101.439583
223.868439,101.487964
234.018372,101.551634
247.394348,101.615893
257.424835,101.679591
266.748169,101.727491
277.567749,101.791406
289.212158,101.855395
298.991821,101.919627
308.946381,101.983650
321.184814,102.031477
331.112732,102.095409
341.213867,102.159475
352.166748,102.223522
2.230672,102.271542
17.138409,102.335504
26.411545,102.399632
36.708183,102.463391
46.860779,102.511467
57.743256,102.575556
69.791702,102.639413
80.367065,102.703622
92.469025,102.752085
100.421089,102.815011
111.103127,102.879505
122.909241,102.943379
134.539780,102.991574
144.493927,103.055566
155.073257,103.119518
164.219070,103.183339
174.560760,103.247535
187.627960,103.295452
197.105728,103.359458
210.006378,103.423436
220.417221,103.487474
230.500412,103.536269
242.613312,103.599396
254.040680,103.663417
265.312836,103.727471
274.610138,103.775434
285.392853,103.839700
295.588928,103.903671
307.017212,103.967441
318.810944,104.015468
328.482300,104.079453
337.942932,104.143419
348.227173,104.207431
178.474396,104.255710
10.522374,104.319528
24.156193,104.383340
33.224457,104.447471
44.084831,104.511375
55.500774,104.559744
67.295555,104.623421
76.771034,104.687682
90.065933,104.751319
100.187401,104.799564
109.479073,104.863423
118.934013,104.927435
129.009644,104.991432
140.357590,105.039403
152.030197,105.103668
163.238892,105.167405
174.078125,105.231424
187.367172,105.279365
195.997604,105.343400
205.752747,105.407441
216.355988,105.471621
229.337601,105.535420
240.987473,105.583463
251.811218,105.647484
261.008179,105.711514
273.460022,105.775478
282.783691,105.823683
294.990662,105.887860
305.346680,105.951506
316.554199,106.015333
325.585388,106.063472
337.419189,106.127706
348.065857,106.191532
358.283905,106.255850
9.269609,106.303402
19.718153,106.367500
30.270487,106.431382
42.143101,106.495500
53.262085,106.543401
64.200912,106.608041
74.488960,106.671387
85.656593,106.737426
97.067986,106.799472
106.487694,106.847493
115.681206,106.911411
128.043304,106.975343
171.704742,107.215649
181.725372,107.279492
193.000458,107.327403
203.411301,107.391395
216.257294,107.455391
226.625107,107.519379
239.235016,107.568152
250.592056,107.631571
261.194397,107.695458
269.398712,107.759344
282.075348,107.808111
292.524078,107.871383
302.152039,107.935421
311.547302,107.999389
321.908813,108.063427
331.656830,108.111423
343.380463,108.175392
357.586212,108.240715
8.422881,108.303322
19.269609,108.351388
29.525566,108.415604
40.324230,108.480207
50.083336,108.543459
60.989273,108.591850
74.023254,108.655416
84.053223,108.719512
95.077042,108.783684
102.980591,108.832595
115.905922,108.895703
125.358253,108.959499
135.427094,109.023415
145.087677,109.071414
158.254715,109.135508
168.042465,109.199369
180.828384,109.263306
191.548569,109.327355
202.892731,109.375432
212.658615,109.439586
223.722366,109.503351
234.777405,109.567691
247.106323,109.615512
258.001465,109.679551
269.732086,109.744785
279.765747,109.808226
289.552856,109.856973
298.875244,109.919724
308.826172,109.985026
319.342041,110.048975
331.079529,110.096139
341.408508,110.159808
351.739288,110.223452
1.635572,110.287499
15.925126,110.351489
26.208950,110.399426
36.333366,110.463629
47.864189,110.527554
59.973232,110.591619
70.477318,110.639396
79.826744,110.703283
90.398926,110.767362
103.246284,110.831535
112.557381,110.880058
123.284142,110.943403
132.730240,111.007427
144.527435,111.071340
154.702408,111.119813
164.420364,111.183435
174.199463,111.247448
190.195587,111.311408
199.575668,111.359336
212.102814,111.423492
223.556656,111.487285
234.004074,111.551360
244.326691,111.615569
254.492798,111.663554
265.212891,111.727615
275.236603,111.791362
287.469849,111.855350
298.779816,111.903507
309.010498,111.967600
